6080.063476562266  1.7112148962478393 
6081.638684517125  1.7123501942837136 
6083.213892471982  1.7134793361890561 
6084.78910042684  1.7146024015864327 
6086.364308381699  1.7157194700984049 
6087.939516336556  1.716830621347536 
6089.5147242914145  1.71793593495639 
6091.089932246272  1.7190354905475302 
6092.66514020113  1.72012936774352 
6094.240348155989  1.7212176461669233 
6095.815556110846  1.7223004054403015 
6097.390764065704  1.7233777251862206 
6098.965972020562  1.7244496850272413 
6100.54117997542  1.7255163645859288 
6102.1163879302785  1.7265778434848469 
6103.691595885137  1.727634201084584 
6105.266803839994  1.7286855149759508 
6106.842011794853  1.7297318605560574 
6108.41721974971  1.7307733152047151 
6109.992427704568  1.7318099532349152 
6111.567635659427  1.7328418495744702 
6113.142843614284  1.733869078943826 
6114.7180515691425  1.7348917145027374 
6116.293259524  1.7359098287852248 
6117.868467478858  1.7369234942852925 
6119.443675433717  1.737932783718861 
6121.018883388574  1.7389377668660022 
6122.594091343432  1.7399385157114007 
6124.16929929829  1.7409350992566037 
6125.744507253148  1.7419275876527536 
6127.3197152080065  1.7429160494648386 
6128.894923162865  1.7439005535125032 
6130.470131117722  1.7448811663234665 
6132.045339072581  1.7458579569502037 
6133.620547027438  1.7468309906507784 
6135.195754982296  1.7478003336545953 
6136.770962937155  1.7487660523693191 
6138.346170892012  1.7497282105578051 
6139.9213788468705  1.7506868738601047 
6141.496586801728  1.7516421053514932 
6143.071794756586  1.7525939684855985 
6144.647002711445  1.7535425265014057 
6146.222210666302  1.7544878412481923 
6147.79741862116  1.7554299745206667 
6149.372626576018  1.7563689875642017 
6150.947834530876  1.7573049418970188 
6152.523042485735  1.7582378959596103 
6154.098250440593  1.7591679099168689 
6155.67345839545  1.7600950436208223 
6157.248666350309  1.761019355453755 
6158.823874305166  1.7619409022117907 
6160.399082260024  1.7628597434923 
6161.974290214883  1.7637759342869685 
6163.54949816974  1.7646895319121543 
6165.124706124599  1.7656005930984975 
6166.699914079456  1.76650917193183 
6168.275122034314  1.7674153242514878 
6169.850329989173  1.7683191046344289 
6171.42553794403  1.7692205669409309 
6173.000745898888  1.7701197637506996 
6174.575953853746  1.7710167491713944 
6176.151161808604  1.77191157517882 
6177.726369763463  1.77280429370876 
6179.301577718321  1.7736949564823592 
6180.876785673178  1.7745836147951195 
6182.451993628037  1.7754703182908997 
6184.027201582894  1.7763551176758485 
6185.6024095377525  1.7772380628339306 
6187.177617492611  1.7781192021029713 
6188.752825447468  1.7789985846138736 
6190.328033402327  1.7798762579550387 
6191.903241357184  1.7807522708571926 
6193.478449312042  1.7816266690533669 
6195.053657266901  1.782499501001439 
6196.628865221758  1.7833708118814684 
6198.2040731766165  1.7842406476338517 
6199.779281131474  1.7851090537114942 
6201.354489086332  1.7859760754909078 
6202.929697041191  1.7868417562240215 
6204.504904996049  1.7877061413710178 
6206.080112950906  1.7885692739437218 
6207.655320905765  1.7894311965101226 
6209.230528860622  1.7902919528823988 
6210.8057368154805  1.7911515840678476 
6212.380944770339  1.792010132419819 
6213.956152725196  1.7928676399424148 
6215.531360680055  1.7937241466206615 
6217.106568634912  1.7945796933272506 
6218.68177658977  1.7954343201345182 
6220.256984544629  1.796288066372654 
6221.832192499486  1.7971409713936741 
6223.4074004543445  1.7979930744040762 
6224.982608409202  1.798844413518964 
6226.55781636406  1.7996950262349856 
6228.133024318919  1.8005449504162243 
6229.708232273776  1.8013942234247229 
6231.283440228634  1.8022428816075267 
6232.858648183492  1.8030909616063584 
6234.43385613835  1.8039384991752743 
6236.0090640932085  1.8047855293552852 
6237.584272048067  1.8056320877658436 
6239.159480002924  1.8064782087385538 
6240.734687957783  1.8073239267578174 
6242.30989591264  1.8081692755586123 
6243.885103867498  1.8090142888831906 
6245.460311822357  1.8098589993969654 
6247.035519777214  1.8107034398271935 
6248.6107277320725  1.8115476430939452 
6250.18593568693  1.8123916403528713 
6251.761143641788  1.8132354638946708 
6253.336351596647  1.8140791442638147 
6254.911559551504  1.814922711972031 
6256.486767506362  1.8157661981131243 
6258.06197546122  1.8166096328277495 
6259.637183416078  1.8174530449177841 
6261.2123913709365  1.8182964642146546 
6262.787599325795  1.8191399198476574 
6264.362807280652  1.8199834391998593 
6265.938015235511  1.8208270518116483 
6267.513223190368  1.821670784720482 
6269.088431145226  1.8225146654622226 
6270.663639100085  1.8233587216564047 
6272.238847054942  1.8242029792236283 
6273.8140550098005  1.8250474650340043 
6275.389262964658  1.8258922047207309 
6276.964470919516  1.8267372244663416 
6278.539678874375  1.8275825491691648 
6280.114886829232  1.8284282033637285 
6281.69009478409  1.8292742130361153 
6283.265302738948  1.8301206013093183 
6284.840510693806  1.830967392354069 
6286.415718648665  1.8318146098936268 
6287.990926603523  1.8326622772183323 
6289.56613455838  1.8335104174693697 
6291.141342513239  1.8343590520271393 
6292.716550468096  1.8352082046803844 
6294.291758422954  1.8360578964129675 
6295.866966377813  1.836908149478404 
6297.44217433267  1.837758984649554 
6299.017382287529  1.8386104225683089 
6300.592590242386  1.8394624847096568 
6302.167798197244  1.8403151908314614 
6303.743006152103  1.8411685611972648 
6305.31821410696  1.8420226148555232 
6306.8934220618185  1.8428773719606402 
6308.468630016676  1.8437328514082765 
6310.043837971534  1.8445890714720012 
6311.619045926393  1.8454460506800388 
6313.194253881251  1.8463038074951323 
6314.769461836108  1.8471623592886313 
6316.344669790967  1.8480217237374745 
6317.919877745824  1.8488819186750334 
6319.4950857006825  1.8497429602102784 
6321.070293655541  1.8506048643357644 
6322.645501610398  1.8514676490449349 
6324.220709565257  1.8523313291407253 
6325.795917520114  1.8531959207284672 
6327.371125474972  1.8540614393677977 
6328.946333429831  1.8549278995487837 
6330.521541384688  1.8557953174677095 
6332.0967493395465  1.856663705933898 
6333.671957294404  1.8575330806088464 
6335.247165249262  1.8584034550112847 
6336.822373204121  1.8592748428636698 
6338.397581158979  1.8601472575828661 
6339.972789113836  1.861020712160098 
6341.547997068695  1.8618952202486982 
6343.123205023552  1.8627707935738729 
6344.6984129784105  1.863647445141396 
6346.273620933269  1.8645251865891623 
6347.848828888126  1.865404030108039 
6349.424036842985  1.8662839868047745 
6350.999244797842  1.867165068211762 
6352.5744527527  1.8680472855739938 
6354.149660707559  1.8689306493251931 
6355.724868662416  1.869815169822687 
6357.3000766172745  1.8707008580968254 
6358.875284572132  1.8715877238682883 
6360.45049252699  1.872475775940984 
6362.025700481849  1.8733650252725058 
6363.600908436706  1.8742554798118367 
6365.176116391564  1.8751471491304987 
6366.751324346422  1.8760400424180261 
6368.32653230128  1.8769341671795705 
6369.9017402561385  1.8778295328047536 
6371.476948210997  1.8787261464276521 
6373.052156165854  1.8796240161609605 
6374.627364120713  1.8805231493679457 
6376.20257207557  1.8814235535101036 
6377.777780030428  1.8823252357069578 
6379.352987985287  1.8832282026742182 
6380.928195940144  1.8841324611021268 
6382.5034038950025  1.885038017629995 
6384.07861184986  1.8859448778966907 
6385.653819804718  1.8868530480067423 
6387.229027759577  1.8877625331879244 
6388.804235714434  1.8886733402432587 
6390.379443669292  1.8895854735201287 
6391.95465162415  1.89049893754418 
6393.529859579008  1.891413737983385 
6395.1050675338665  1.8923298793524737 
6396.680275488725  1.8932473657478113 
6398.255483443582  1.8941662009674474 
6399.830691398441  1.8950863899335673 
6401.405899353298  1.8960079357202626 
6402.981107308156  1.8969308420673774 
6404.556315263015  1.8978551125583183 
6406.131523217872  1.8987807493576838 
6407.7067311727305  1.8997077562307823 
6409.281939127588  1.900636136015237 
6410.857147082446  1.9015658902608266 
6412.432355037305  1.9024970224309075 
6414.007562992162  1.9034295337405638 
6415.58277094702  1.904363426550845 
6417.157978901878  1.9052987024115284 
6418.733186856736  1.90623536291605 
6420.308394811595  1.9071734102217308 
6421.883602766453  1.9081128438483574 
6423.45881072131  1.9090536658259227 
6425.034018676169  1.9099958762635652 
6426.609226631026  1.9109394762854213 
6428.184434585884  1.9118844667427763 
6429.759642540743  1.9128308465951704 
6431.3348504956  1.9137786165738364 
6432.910058450459  1.914727776878863 
6434.485266405316  1.9156783261569217 
6436.060474360174  1.9166302652010927 
6437.635682315033  1.917583592254232 
6439.21089026989  1.9185383067488149 
6440.7860982247485  1.9194944077680702 
6442.361306179606  1.9204518943552105 
6443.936514134464  1.9214107648549548 
6445.511722089323  1.9223710176884197 
6447.086930044181  1.9233326508729074 
6448.662137999038  1.924295663291559 
6450.237345953897  1.925260052299564 
6451.812553908754  1.926225815452199 
6453.3877618636125  1.927192951370671 
6454.962969818471  1.9281614570827514 
6456.538177773328  1.9291313292596897 
6458.113385728187  1.930102565638663 
6459.688593683044  1.9310751635093766 
6461.263801637902  1.932049119095609 
6462.839009592761  1.9330244291086276 
6464.414217547618  1.9340010906635148 
6465.9894255024765  1.9349790996748202 
6467.564633457334  1.9359584528792766 
6469.139841412192  1.9369391457948952 
6470.715049367051  1.937921174092481 
6472.290257321909  1.9389045347270433 
6473.865465276766  1.9398892225726743 
6475.440673231625  1.94087523285998 
6477.015881186482  1.9418625618927765 
6478.5910891413405  1.9428512042504735 
6480.166297096199  1.9438411544069822 
6481.741505051056  1.9448324092772968 
6483.316713005915  1.945824961647304 
6484.891920960772  1.946818806922238 
6486.46712891563  1.9478139400453074 
6488.042336870489  1.948810355155729 
6489.617544825346  1.9498080465673406 
6491.1927527802045  1.9508070079937174 
6492.767960735062  1.9518072339669743 
6494.34316868992  1.952808718444431 
6495.918376644779  1.953811454735842 
6497.493584599636  1.9548154371004784 
6499.068792554494  1.9558206585861628 
6500.644000509352  1.9568271129610368 
6502.21920846421  1.9578347931565083 
6503.7944164190685  1.9588436920676031 
6505.369624373927  1.9598538037316757 
6506.944832328784  1.960865120425296 
6508.520040283643  1.9618776344032087 
6510.0952482385  1.9628913397173164 
6511.670456193358  1.9639062276874029 
6513.245664148217  1.9649222917032605 
6514.820872103074  1.9659395233138637 
6516.3960800579325  1.9669579160763537 
6517.97128801279  1.9679774603901026 
6519.546495967648  1.968998149277468 
6521.121703922507  1.9700199745275317 
6522.696911877364  1.9710429278893573 
6524.272119832222  1.9720670016540685 
6525.84732778708  1.9730921863556434 
6527.422535741938  1.9741184746089862 
6528.9977436967965  1.9751458564533095 
6530.572951651655  1.9761743244125682 
6532.148159606512  1.9772038697010428 
6533.723367561371  1.978234483016422 
6535.298575516228  1.9792661557439715 
6536.873783471086  1.9802988775008998 
6538.448991425945  1.9813326409057486 
6540.024199380802  1.9823674352810492 
6541.5994073356605  1.9834032525177463 
6543.174615290518  1.9844400824149488 
6544.749823245376  1.9854779154266002 
6546.325031200235  1.9865167425778056 
6547.900239155092  1.9875565528818697 
6549.47544710995  1.9885973382006346 
6551.050655064808  1.9896390875765069 
6552.625863019666  1.9906817902374319 
6554.201070974525  1.9917254381871317 
6555.776278929383  1.992770020282478 
6557.35148688424  1.9938155258605548 
6558.926694839099  1.9948619456372398 
6560.501902793956  1.9959092686112856 
6562.077110748814  1.9969574847491462 
6563.652318703673  1.9980065823910993 
6565.22752665853  1.9990565522311958 
6566.802734613389  2.0001073833227565 
6568.377942568246  2.001159064973763 
6569.953150523104  2.002211585844634 
6571.528358477963  2.0032649349996063 
6573.10356643282  2.0043191021686657 
6574.6787743876785  2.0053740764778922 
6576.253982342536  2.006429846365791 
6577.829190297394  2.00748639997255 
6579.404398252253  2.0085437274392466 
6580.979606207111  2.0096018166768768 
6582.554814161968  2.0106606564149843 
6584.130022116827  2.0117202349611034 
6585.705230071684  2.0127805426018317 
6587.2804380265425  2.0138415654837445 
6588.855645981401  2.0149032930276007 
6590.430853936258  2.015965713573678 
6592.006061891117  2.0170288151930436 
6593.581269845974  2.0180925865533936 
6595.156477800832  2.0191570154638616 
6596.731685755691  2.0202220898281666 
6598.306893710548  2.021287798561389 
6599.8821016654065  2.022354128850566 
6601.457309620264  2.0234210688140597 
6603.032517575122  2.0244886066284384 
6604.607725529981  2.0255567304193396 
6606.182933484839  2.026625427242834 
6607.758141439696  2.0276946855228744 
6609.333349394555  2.0287644922645995 
6610.908557349412  2.0298348360447562 
6612.4837653042705  2.0309057033955473 
6614.058973259129  2.0319770832647923 
6615.634181213986  2.0330489615662373 
6617.209389168845  2.0341213275314662 
6618.784597123702  2.0351941672925022 
6620.35980507856  2.0362674689095 
6621.935013033419  2.037341218783695 
6623.510220988276  2.0384154057901474 
6625.0854289431345  2.039490016817581 
6626.660636897992  2.040565038070781 
6628.23584485285  2.0416404578645597 
6629.811052807709  2.0427162625564965 
6631.386260762566  2.0437924400976044 
6632.961468717424  2.0448689774420927 
6634.536676672282  2.045945860838402 
6636.11188462714  2.0470230782375443 
6637.6870925819985  2.048100616462762 
6639.262300536857  2.049178462541021 
6640.837508491714  2.0502566026989375 
6642.412716446573  2.05133502517856 
6643.98792440143  2.052413716242882 
6645.563132356288  2.053492662060308 
6647.138340311147  2.0545718508656137 
6648.713548266004  2.055651267975918 
6650.2887562208625  2.0567309017351367 
6651.86396417572  2.0578107373657986 
6653.439172130578  2.0588907632627524 
6655.014380085437  2.0599709648304274 
6656.589588040294  2.0610513288993393 
6658.164795995152  2.0621318432895355 
6659.74000395001  2.0632124931871663 
6661.315211904868  2.064293266441382 
6662.8904198597265  2.0653741489222743 
6664.465627814585  2.066455127554945 
6666.040835769442  2.0675361890534982 
6667.616043724301  2.068617320219346 
6669.191251679158  2.0696985065224003 
6670.766459634016  2.070779735229735 
6672.341667588875  2.071860992975417 
6673.916875543732  2.0729422667573094 
6675.492083498591  2.0740235417906665 
6677.067291453448  2.0751048054662533 
6678.642499408306  2.0761860442435136 
6680.217707363165  2.0772672447783407 
6681.792915318022  2.0783483931518276 
6683.36812327288  2.0794294753868603 
6684.943331227738  2.0805104792452767 
6686.518539182596  2.081591389796813 
6688.093747137455  2.0826721945195463 
6689.668955092312  2.0837528793272218 
6691.24416304717  2.084833430708386 
6692.819371002029  2.085913834955136 
6694.394578956886  2.086994078446878 
6695.969786911744  2.0880741487635532 
6697.544994866603  2.0891540310040004 
6699.12020282146  2.0902337114093825 
6700.695410776319  2.0913131775305382 
6702.270618731176  2.092392415557697 
6703.845826686034  2.0934714112081565 
6705.421034640893  2.094550151472504 
6706.99624259575  2.095628622235381 
6708.5714505506085  2.096706810902106 
6710.146658505466  2.0977847025715164 
6711.721866460324  2.098862285245559 
6713.297074415183  2.0999395441904203 
6714.87228237004  2.1010164660183372 
6716.447490324898  2.1020930376835163 
6718.022698279757  2.103169244757737 
6719.597906234614  2.104245074886422 
6721.1731141894725  2.105320513393962 
6722.748322144331  2.1063955474746767 
6724.323530099188  2.107470163951803 
6725.898738054047  2.1085443478368697 
6727.473946008904  2.1096180876629655 
6729.049153963762  2.110691368347034 
6730.624361918621  2.1117641770033515 
6732.199569873478  2.1128365001713973 
6733.7747778283365  2.1139083246162054 
6735.349985783194  2.114979636469798 
6736.925193738052  2.116050423137495 
6738.500401692911  2.1171206700309995 
6740.075609647768  2.1181903646502183 
6741.650817602626  2.119259493389108 
6743.226025557485  2.1203280430781892 
6744.801233512342  2.1213960002205567 
6746.3764414672005  2.1224633515594173 
6747.951649422059  2.1235300831758654 
6749.526857376916  2.1245961827298743 
6751.102065331775  2.125661637197482 
6752.677273286632  2.126726431844872 
6754.25248124149  2.127790554790409 
6755.827689196349  2.1288539921224583 
6757.402897151206  2.1299167316537937 
6758.9781051060645  2.1309787590726046 
6760.553313060922  2.132040061238513 
6762.12852101578  2.1331006263426393 
6763.703728970639  2.1341604401168297 
6765.278936925496  2.1352194897990566 
6766.854144880354  2.1362777629619805 
6768.429352835213  2.1373352458394947 
6770.00456079007  2.13839192638261 
6771.5797687449285  2.139447789886616 
6773.154976699787  2.140502825001022 
6774.730184654644  2.141557018483582 
6776.305392609503  2.1426103572084685 
6777.88060056436  2.14366282861738 
6779.455808519218  2.1447144195408328 
6781.031016474077  2.145765117522388 
6782.606224428934  2.14681490988005 
6784.1814323837925  2.14786378377903 
6785.75664033865  2.1489117261735373 
6787.331848293508  2.1499587247453746 
6788.907056248367  2.151004767249106 
6790.482264203224  2.152049840857217 
6792.057472158082  2.1530939321310134 
6793.632680112941  2.1541370297636604 
6795.207888067798  2.155179120563844 
6796.7830960226565  2.1562201923225075 
6798.358303977515  2.1572602330270456 
6799.933511932372  2.1582992294861465 
6801.508719887231  2.1593371697890684 
6803.083927842088  2.1603740414648205 
6804.659135796946  2.1614098319041664 
6806.234343751805  2.162444530069479 
6807.809551706662  2.163478122798552 
6809.384759661521  2.164510598042398 
6810.959967616378  2.165541943657445 
6812.535175571236  2.166572148184059 
6814.110383526095  2.167601198634657 
6815.685591480952  2.16862908317853 
6817.26079943581  2.1696557904579103 
6818.836007390668  2.1706813083583256 
6820.411215345526  2.17170562427782 
6821.986423300385  2.1727287278408767 
6823.561631255242  2.17375060532504 
6825.1368392101  2.1747712469732505 
6826.712047164959  2.1757906390848802 
6828.287255119816  2.1768087715099687 
6829.862463074674  2.1778256320685614 
6831.437671029533  2.1788412093083025 
6833.01287898439  2.179855491471244 
6834.588086939249  2.1808684671923406 
6836.163294894106  2.1818801255358267 
6837.738502848964  2.182890453965228 
6839.313710803823  2.183899441508402 
6840.88891875868  2.1849070777170714 
6842.4641267135385  2.1859133501857286 
6844.039334668396  2.1869182479422307 
6845.614542623254  2.1879217609020993 
6847.189750578113  2.188923876827175 
6848.76495853297  2.1899245848544524 
6850.340166487828  2.190923873982683 
6851.915374442687  2.19192173355259 
6853.490582397544  2.192918152133643 
6855.0657903524025  2.1939131189865293 
6856.640998307261  2.1949066232409673 
6858.216206262118  2.195898654674238 
6859.791414216977  2.1968892019212944 
6861.366622171834  2.1978782541918918 
6862.941830126692  2.1988658016489357 
6864.517038081551  2.1998518328618957 
6866.092246036408  2.2008363380446103 
6867.6674539912665  2.2018193058174798 
6869.242661946124  2.202800727071008 
6870.817869900982  2.203780590425595 
6872.393077855841  2.2047588851928595 
6873.968285810698  2.2057356025834456 
6875.543493765556  2.2067107310940623 
6877.118701720415  2.2076842610767926 
6878.693909675272  2.208656182527193 
6880.2691176301305  2.2096264849606086 
6881.844325584989  2.21059515872912 
6883.419533539846  2.2115621931661735 
6884.994741494705  2.2125275807120492 
6886.569949449562  2.21349130840099 
6888.14515740442  2.214453369058902 
6889.720365359279  2.2154137505422113 
6891.295573314136  2.2163724446072597 
6892.8707812689945  2.2173294429885577 
6894.445989223852  2.2182847336371196 
6896.02119717871  2.2192383081346634 
6897.596405133569  2.220190157022444 
6899.171613088426  2.221140271278273 
6900.746821043284  2.222088640955916 
6902.322028998143  2.2230352580882027 
6903.897236953  2.223980111361016 
6905.4724449078585  2.224923193163704 
6907.047652862717  2.22586449325172 
6908.622860817574  2.226804004356382 
6910.198068772433  2.2277417157893074 
6911.77327672729  2.228677620216331 
6913.348484682148  2.2296117072328343 
6914.923692637007  2.2305439694755482 
6916.498900591864  2.2314743961178465 
6918.0741085467225  2.23240298179735 
6919.64931650158  2.2333297153381864 
6921.224524456438  2.234254588263866 
6922.799732411297  2.235177593203844 
6924.374940366154  2.2360987213542103 
6925.950148321012  2.2370179635399827 
6927.525356275871  2.2379353130672826 
6929.100564230728  2.238850761095819 
6930.6757721855865  2.239764298064983 
6932.250980140445  2.2406759177902136 
6933.826188095302  2.2415856110892496 
6935.401396050161  2.2424933703805436 
6936.976604005018  2.2433991877551307 
6938.551811959876  2.24430305470014 
6940.127019914735  2.245204964063305 
6941.702227869592  2.246104908786947 
6943.277435824451  2.247002880503715 
6944.852643779308  2.2478988711009156 
6946.427851734166  2.248792873120692 
6948.003059689025  2.2496848802547906 
6949.578267643882  2.250574883590162 
6951.15347559874  2.251462877495215 
6952.728683553598  2.2523488525403086 
6954.303891508456  2.2532328030647477 
6955.879099463315  2.2541147226438625 
6957.454307418172  2.2549946014914894 
6959.02951537303  2.255872434507182 
6960.604723327889  2.256748214254912 
6962.179931282746  2.2576219345501163 
6963.755139237604  2.258493588560668 
6965.330347192463  2.259363167337142 
6966.90555514732  2.2602306663611675 
6968.480763102179  2.261096078131232 
6970.055971057036  2.2619593972049192 
6971.631179011894  2.2628206166264135 
6973.206386966753  2.2636797282466437 
6974.78159492161  2.264536727758241 
6976.3568028764685  2.265391608329083 
6977.932010831326  2.2662443635344975 
6979.507218786184  2.267094986658776 
6981.082426741043  2.26794347257237 
6982.6576346959  2.2687898152580606 
6984.232842650758  2.269634007687272 
6985.808050605617  2.2704760450360486 
6987.383258560474  2.271315921010683 
6988.9584665153325  2.2721536294993707 
6990.533674470191  2.2729891659255377 
6992.108882425048  2.273822523682611 
6993.684090379907  2.2746536975391796 
6995.259298334764  2.2754826814998523 
6996.834506289622  2.276309471781133 
6998.409714244481  2.2771340597391836 
6999.984922199338  2.2779564444572316 
7001.5601301541965  2.2787766173278214 
7003.135338109054  2.279594574487419 
7004.710546063912  2.2804103110174774 
7006.285754018771  2.281223820857122 
7007.860961973628  2.2820351009650044 
7009.436169928486  2.282844144130649 
7011.011377883345  2.283650947072602 
7012.586585838202  2.284455504763174 
7014.1617937930605  2.285257812480267 
7015.737001747919  2.2860578650870593 
7017.312209702776  2.2868556587272906 
7018.887417657635  2.287651189348253 
7020.462625612492  2.288444451944088 
7022.03783356735  2.2892354412542772 
7023.613041522209  2.2900241543393354 
7025.188249477066  2.2908105873793834 
7026.7634574319245  2.2915947350411443 
7028.338665386782  2.292376593744848 
7029.91387334164  2.2931561594014056 
7031.489081296499  2.293933427536104 
7033.064289251356  2.2947083962644683 
7034.639497206214  2.2954810598894246 
7036.214705161073  2.296251414969447 
7037.78991311593  2.2970194586960133 
7039.3651210707885  2.297785186950932 
7040.940329025647  2.29854859696934 
7042.515536980504  2.2993096835925826 
7044.090744935363  2.3000684451180864 
7045.66595289022  2.3008248777041445 
7047.241160845078  2.3015789778146427 
7048.816368799937  2.3023307420298806 
7050.391576754794  2.303080168705492 
7051.9667847096525  2.3038272538396996 
7053.54199266451  2.30457199421653 
7055.117200619368  2.3053143875295063 
7056.692408574227  2.306054430518998 
7058.267616529084  2.3067921213441878 
7059.842824483942  2.307527455697709 
7061.418032438801  2.3082604328374146 
7062.993240393658  2.308991048310418 
7064.5684483485165  2.309719301316363 
7066.143656303375  2.3104451885810704 
7067.718864258232  2.3111687085547605 
7069.294072213091  2.3118898581742546 
7070.869280167948  2.3126086353586293 
7072.444488122806  2.313325038274343 
7074.019696077665  2.3140390653497893 
7075.594904032522  2.314750713223475 
7077.170111987381  2.3154599816189148 
7078.745319942238  2.3161668669345086 
7080.320527897096  2.316871368449938 
7081.895735851955  2.317573484338937 
7083.470943806812  2.3182732132336246 
7085.04615176167  2.3189705529875937 
7086.621359716528  2.319665503433498 
7088.196567671386  2.320358060824219 
7089.771775626245  2.3210482260838035 
7091.346983581102  2.3217359960763133 
7092.92219153596  2.322421370663505 
7094.497399490819  2.323104348273773 
7096.072607445676  2.323784928157693 
7097.6478154005345  2.3244631089546597 
7099.223023355393  2.3251388904245687 
7100.79823131025  2.3258122697661747 
7102.373439265109  2.3264832491186107 
7103.948647219966  2.327151825236797 
7105.523855174824  2.3278179991466468 
7107.099063129683  2.3284817686653705 
7108.67427108454  2.32914313388028 
7110.2494790393985  2.3298020950387586 
7111.824686994256  2.3304586508165808 
7113.399894949114  2.33111280110461 
7114.975102903973  2.331764546332124 
7116.55031085883  2.3324138847674485 
7118.125518813688  2.333060817851219 
7119.700726768547  2.333705343924521 
7121.275934723404  2.33434746463172 
7122.8511426782625  2.3349871792670447 
7124.426350633121  2.335624487277528 
7126.001558587978  2.3362593904093956 
7127.576766542837  2.33689188745484 
7129.151974497694  2.337521979097801 
7130.727182452552  2.3381496669098856 
7132.302390407411  2.338774949290382 
7133.877598362268  2.339397828342044 
7135.4528063171265  2.3400183033445505 
7137.028014271984  2.340636377062765 
7138.603222226842  2.341252048703609 
7140.178430181701  2.3418653192566126 
7141.753638136558  2.3424761891874373 
7143.328846091416  2.3430846594856116 
7144.904054046275  2.3436907323994096 
7146.479262001132  2.3442944076086865 
7148.0544699559905  2.344895686743256 
7149.629677910849  2.3454945706689614 
7151.204885865706  2.3460910604044334 
7152.780093820565  2.3466851583289103 
7154.355301775422  2.3472768655556138 
7155.93050973028  2.3478661825647578 
7157.505717685139  2.3484531110079847 
7159.080925639996  2.3490376528716297 
7160.6561335948545  2.349619811051525 
7162.231341549712  2.3501995842452748 
7163.80654950457  2.350776977058558 
7165.381757459429  2.3513519898988307 
7166.956965414286  2.3519246244322862 
7168.532173369144  2.352494883845793 
7170.107381324003  2.353062768896052 
7171.68258927886  2.353628282267892 
7173.2577972337185  2.3541914259621985 
7174.833005188577  2.3547522014050632 
7176.408213143434  2.3553106125182244 
7177.983421098293  2.3558666605822514 
7179.55862905315  2.356420347896347 
7181.133837008008  2.3569716770580276 
7182.709044962867  2.357520651028608 
7184.284252917724  2.3580672712923847 
7185.8594608725825  2.3586115407379116 
7187.43466882744  2.359153463963594 
7189.009876782298  2.359693041180435 
7190.585084737157  2.3602302767976653 
7192.160292692014  2.3607651729180366 
7193.735500646872  2.361297731964441 
7195.310708601731  2.3618279582369723 
7196.885916556588  2.3623558543476975 
7198.4611245114465  2.3628814225521637 
7200.036332466304  2.363404667645227 
7201.611540421162  2.3639255905800387 
7203.186748376021  2.3644441969299805 
7204.761956330878  2.364960488492216 
7206.337164285736  2.365474470134358 
7207.912372240595  2.3659861432970506 
7209.487580195452  2.366495513771951 
7211.062788150311  2.367002582905116 
7212.637996105168  2.3675073560516466 
7214.213204060026  2.368009836616693 
7215.788412014885  2.3685100277725724 
7217.363619969742  2.369007933026296 
7218.9388279246  2.3695035571945473 
7220.514035879459  2.3699969041408626 
7222.089243834316  2.370487977801531 
7223.664451789175  2.370976780803176 
7225.239659744032  2.371463319563191 
7226.81486769889  2.3719475957987015 
7228.390075653749  2.3724296159198275 
7229.965283608606  2.372909383266234 
7231.5404915634645  2.373386901490448 
7233.115699518323  2.3738621754018823 
7234.69090747318  2.3743352107994724 
7236.266115428039  2.37480600996787 
7237.841323382896  2.375274579062534 
7239.416531337754  2.3757409219033434 
7240.991739292613  2.3762050431760144 
7242.56694724747  2.376666948301136 
7244.1421552023285  2.3771266411640672 
7245.717363157187  2.377584126588772 
7247.292571112044  2.378039409770281 
7248.867779066903  2.37849249575811 
7250.44298702176  2.3789433896017727 
7252.018194976618  2.3793920953103225 
7253.593402931477  2.3798386199050583 
7255.168610886334  2.3802829660780844 
7256.7438188411925  2.380725141243601 
7258.319026796051  2.381165149497974 
7259.894234750908  2.381602995264984 
7261.469442705767  2.3820386864972534 
7263.044650660624  2.3824722261924767 
7264.619858615482  2.38290361995314 
7266.195066570341  2.383332874276676 
7267.770274525198  2.383759994103457 
7269.3454824800565  2.3841849863747493 
7270.920690434914  2.384607854401111 
7272.495898389772  2.385028605531261 
7274.071106344631  2.385447244720126 
7275.646314299488  2.385863778174099 
7277.221522254346  2.386278211779426 
7278.796730209205  2.386690551044012 
7280.371938164062  2.387100802072383 
7281.9471461189205  2.387508970175986 
7283.522354073779  2.387915062776301 
7285.097562028636  2.388319085061085 
7286.672769983495  2.388721043171245 
7288.247977938352  2.389120943102171 
7289.82318589321  2.389518791984301 
7291.398393848069  2.389914595652954 
7292.973601802926  2.3903083591721956 
7294.5488097577845  2.390700090720202 
7296.124017712642  2.3910897952737287 
7297.6992256675  2.3914774806180503 
7299.274433622359  2.39186315171537 
7300.849641577216  2.3922468171076625 
7302.424849532074  2.39262848085491 
7304.000057486933  2.3930081518337825 
7305.57526544179  2.393385835282971 
7307.1504733966485  2.3937615381000787 
7308.725681351507  2.394135267852107 
7310.300889306364  2.394507030054229 
7311.876097261223  2.3948768325208225 
7313.45130521608  2.3952446826442615 
7315.026513170938  2.3956105860852404 
7316.601721125797  2.395974550119718 
7318.176929080654  2.396336582634831 
7319.7521370355125  2.3966966885345764 
7321.32734499037  2.3970548782235714 
7322.902552945228  2.397411156038288 
7324.477760900087  2.39776552974945 
7326.052968854944  2.398118006807636 
7327.628176809802  2.3984685950563285 
7329.203384764661  2.3988173013931373 
7330.778592719518  2.399164132162696 
7332.3538006743765  2.3995090959942904 
7333.929008629234  2.3998522000329108 
7335.504216584092  2.4001934514672034 
7337.079424538951  2.400532857893268 
7338.654632493808  2.400870426732581 
7340.229840448666  2.4012061654648273 
7341.805048403525  2.4015400820208015 
7343.380256358382  2.401872183705564 
7344.955464313241  2.4022024784499085 
7346.530672268098  2.4025309733842732 
7348.105880222956  2.402857677428983 
7349.681088177815  2.4031825968850176 
7351.256296132672  2.403505741312984 
7352.83150408753  2.4038271165336473 
7354.406712042389  2.4041467316710627 
7355.981919997246  2.4044645946705714 
7357.557127952105  2.4047807130118604 
7359.132335906962  2.4050950946257217 
7360.70754386182  2.405407748228754 
7362.282751816679  2.405718681533472 
7363.857959771536  2.4060279017576254 
7365.4331677263945  2.406335417952505 
7367.008375681253  2.4066412386309826 
7368.58358363611  2.40694537073432 
7370.158791590969  2.407247823051876 
7371.733999545826  2.4075486048823223 
7373.309207500684  2.407847722817678 
7374.884415455543  2.4081451855890923 
7376.4596234104  2.4084410021023364 
7378.0348313652585  2.4087351808120725 
7379.610039320117  2.4090277299255836 
7381.185247274974  2.4093186567770317 
7382.760455229833  2.4096079714072403 
7384.33566318469  2.409895681092167 
7385.910871139548  2.410181795508834 
7387.486079094407  2.410466321569402 
7389.061287049264  2.4107492689508945 
7390.6364950041225  2.411030646733706 
7392.211702958981  2.411310462252004 
7393.786910913838  2.4115887253283295 
7395.362118868697  2.41186544415541 
7396.937326823554  2.4121406268677674 
7398.512534778412  2.4124142833461524 
7400.087742733271  2.4126864203135483 
7401.662950688128  2.4129570492368657 
7403.2381586429865  2.413226177217439 
7404.813366597844  2.413493813321111 
7406.388574552702  2.4137599665118614 
7407.963782507561  2.4140246454335283 
7409.538990462418  2.4142878599377586 
7411.114198417276  2.414549618188175 
7412.689406372135  2.414809928261093 
7414.264614326992  2.4150688011286556 
7415.8398222818505  2.415326242888113 
7417.415030236709  2.415582266723505 
7418.990238191566  2.415836877495167 
7420.565446146425  2.416090086786426 
7422.140654101282  2.4163419028918725 
7423.71586205614  2.4165923344698967 
7425.291070010999  2.416841390848277 
7426.866277965856  2.41708908257715 
7428.4414859207145  2.417335416190326 
7430.016693875572  2.4175804033729946 
7431.59190183043  2.417824051721254 
7433.167109785289  2.4180663710722006 
7434.742317740146  2.4183073700405657 
7436.317525695004  2.418547058376134 
7437.892733649863  2.4187854455813067 
7439.46794160472  2.4190225409256527 
7441.0431495595785  2.4192583533586007 
7442.618357514436  2.4194928916549547 
7444.193565469294  2.41972616633575 
7445.768773424153  2.4199581856373698 
7447.34398137901  2.4201889596006367 
7448.919189333868  2.4204184977716063 
7450.494397288727  2.4206468083430077 
7452.069605243584  2.420873902286985 
7453.6448131984425  2.4210997880582 
7455.2200211533  2.421324475319125 
7456.795229108158  2.4215479730337397 
7458.370437063017  2.421770291228313 
7459.945645017874  2.421991439929116 
7461.520852972732  2.42221142706694 
7463.096060927591  2.4224302631191676 
7464.671268882448  2.422647957821028 
7466.246476837307  2.422864519903669 
7467.821684792164  2.4230799596698493 
7469.396892747022  2.423294285879819 
7470.972100701881  2.42350750870537 
7472.547308656738  2.4237196376343495 
7474.122516611596  2.4239306812232826 
7475.697724566455  2.424140650415211 
7477.272932521312  2.42434955383942 
7478.848140476171  2.424557402002393 
7480.423348431028  2.4247642038098998 
7481.998556385886  2.4249699690262787 
7483.573764340745  2.425174706790131 
7485.148972295602  2.4253784278407697 
7486.72418025046  2.4255811408365844 
7488.299388205319  2.425782855119906 
7489.874596160176  2.4259835822012974 
7491.449804115035  2.4261833287018817 
7493.025012069892  2.4263821076310714 
7494.60022002475  2.4265799259446794 
7496.175427979609  2.4267767945275414 
7497.750635934466  2.4269727226055697 
7499.3258438893245  2.4271677210635967 
7500.901051844183  2.4273617978033144 
7502.47625979904  2.427554963476723 
7504.051467753899  2.4277472269168356 
7505.626675708756  2.4279385984118567 
7507.201883663614  2.42812908803171 
7508.777091618473  2.42831870536611 
7510.35229957333  2.4285074589861324 
7511.9275075281885  2.4286953593255016 
7513.502715483047  2.4288824162213136 
7515.077923437904  2.4290686393796936 
7516.653131392763  2.4292540388851194 
7518.22833934762  2.429438622784801 
7519.803547302478  2.4296224021527455 
7521.378755257337  2.429805385720101 
7522.953963212194  2.429987584968331 
7524.5291711670525  2.430169007056975 
7526.104379121911  2.4303496633219765 
7527.679587076768  2.430529562945594 
7529.254795031627  2.4307087155611953 
7530.830002986484  2.4308871310495306 
7532.405210941342  2.431064818927553 
7533.980418896201  2.4312417880573776 
7535.555626851058  2.4314180492219752 
7537.1308348059165  2.4315936121565747 
7538.706042760775  2.4317684857378485 
7540.281250715632  2.431942679962958 
7541.856458670491  2.4321162041451325 
7543.431666625348  2.432289067422971 
7545.006874580206  2.432461280550342 
7546.582082535065  2.432632852403913 
7548.157290489922  2.432803793111817 
7549.7324984447805  2.432974111507064 
7551.307706399639  2.4331438183580762 
7552.882914354496  2.433312921653851 
7554.458122309355  2.4334814318426647 
7556.033330264212  2.433649358237745 
7557.60853821907  2.433816710647079 
7559.183746173929  2.4339834987622453 
7560.758954128786  2.4341497310961135 
7562.3341620836445  2.434315417529434 
7563.909370038502  2.434480568597792 
7565.48457799336  2.4346451930032345 
7567.059785948219  2.4348093000007793 
7568.634993903076  2.4349728995002806 
7570.210201857934  2.4351359996799142 
7571.785409812793  2.4352986123412848 
7573.36061776765  2.4354607444547587 
7574.9358257225085  2.4356224073562776 
7576.511033677366  2.435783609384089 
7578.086241632224  2.435944359443966 
7579.661449587083  2.4361046676494884 
7581.23665754194  2.436264544026926 
7582.811865496798  2.436423996652592 
7584.387073451657  2.436583034723299 
7585.962281406514  2.4367416693712585 
7587.5374893613725  2.4368999067082773 
7589.11269731623  2.437057759801974 
7590.687905271088  2.4372152352007106 
7592.263113225947  2.4373723424359923 
7593.838321180804  2.4375290919706463 
7595.413529135662  2.4376854923029887 
7596.988737090521  2.4378415509127085 
7598.563945045378  2.437997280125274 
7600.139153000237  2.4381526876968564 
7601.714360955094  2.4383077814709395 
7603.289568909952  2.438462571793935 
7604.864776864811  2.4386170673242304 
7606.439984819668  2.438771277593333 
7608.015192774526  2.438925211521564 
7609.590400729385  2.439078877592692 
7611.165608684242  2.439232284741592 
7612.740816639101  2.4393854423833545 
7614.316024593958  2.4395383592200237 
7615.891232548816  2.4396910451177978 
7617.466440503675  2.4398435079638148 
7619.041648458532  2.4399957560672196 
7620.61685641339  2.4401477995415912 
7622.192064368249  2.440299646652421 
7623.767272323106  2.4404513055342245 
7625.342480277965  2.4406027861405173 
7626.917688232822  2.440754096955061 
7628.49289618768  2.4409052463743137 
7630.068104142539  2.4410562427365226 
7631.643312097396  2.4412070949329068 
7633.2185200522545  2.4413578121311725 
7634.793728007113  2.441508402131149 
7636.36893596197  2.4416588742460594 
7637.944143916829  2.4418092370324302 
7639.519351871686  2.441959497795324 
7641.094559826544  2.4421096670703264 
7642.669767781403  2.4422597504017176 
7644.24497573626  2.442409759867588 
7645.8201836911185  2.442559700793935 
7647.395391645977  2.442709582930547 
7648.970599600834  2.442859415299609 
7650.545807555693  2.4430092039401643 
7652.12101551055  2.4431589597807037 
7653.696223465408  2.443308689034893 
7655.271431420267  2.443458400375676 
7656.846639375124  2.4436081028979975 
7658.4218473299825  2.4437578045326513 
7659.997055284841  2.443907512220903 
7661.572263239698  2.4440572352905297 
7663.147471194557  2.444206981526804 
7664.722679149414  2.444356757958303 
7666.297887104272  2.44450657395646 
7667.873095059131  2.444656437277445 
7669.448303013988  2.444806354222237 
7671.0235109688465  2.444956335311871 
7672.598718923705  2.4451063862507 
7674.173926878562  2.4452565151877934 
7675.749134833421  2.445406730723334 
7677.324342788278  2.4455570400896245 
7678.899550743136  2.4457074506790386 
7680.474758697995  2.4458579711208595 
7682.049966652852  2.4460086079343464 
7683.6251746077105  2.446159369399538 
7685.200382562569  2.446310262050247 
7686.775590517426  2.446461294952315 
7688.350798472285  2.446612474450376 
7689.926006427142  2.4467638086644 
7691.501214382  2.446915304317372 
7693.076422336859  2.447066969063599 
7694.651630291716  2.447218809858896 
7696.2268382465745  2.4473708348668883 
7697.802046201432  2.447523050446762 
7699.37725415629  2.447675463481574 
7700.952462111149  2.4478280823823297 
7702.527670066006  2.4479809133190438 
7704.102878020864  2.448133963698637 
7705.678085975723  2.4482872406952083 
7707.25329393058  2.4484407499112426 
7708.8285018854385  2.448594500106992 
7710.403709840296  2.448748497510678 
7711.978917795154  2.4489027485979022 
7713.554125750013  2.449057260513655 
7715.12933370487  2.449212039879058 
7716.704541659728  2.449367093824548 
7718.279749614587  2.449522428243654 
7719.854957569444  2.4496780499175657 
7721.4301655243025  2.449833965481958 
7723.00537347916  2.4499901821109233 
7724.580581434018  2.4501467053632955 
7726.155789388877  2.4503035423404067 
7727.730997343734  2.4504606989357853 
7729.306205298592  2.450618181799654 
7730.881413253451  2.4507759973057546 
7732.456621208308  2.450934151100228 
7734.031829163167  2.4510926489601847 
7735.607037118024  2.451251498860074 
7737.182245072882  2.4514107056311336 
7738.757453027741  2.451570275996346 
7740.332660982598  2.451730215223507 
7741.907868937456  2.451890528827789 
7743.483076892315  2.4520512242161203 
7745.058284847172  2.452212305783178 
7746.633492802031  2.4523737795097986 
7748.208700756888  2.452535652628285 
7749.783908711746  2.452697928325506 
7751.359116666605  2.4528606150270207 
7752.934324621462  2.4530237160652177 
7754.50953257632  2.45318723845412 
7756.084740531179  2.4533511865593027 
7757.659948486036  2.4535155659541488 
7759.235156440895  2.453680383317988 
7760.810364395752  2.4538456417503767 
7762.38557235061  2.4540113488619686 
7763.960780305469  2.454177507781424 
7765.535988260326  2.454344125188072 
7767.1111962151845  2.454511205782182 
7768.686404170043  2.454678753812914 
7770.2616121249  2.4548467756685564 
7771.836820079759  2.455015274608741 
7773.412028034616  2.4551842572109313 
7774.987235989474  2.4553537275933195 
7776.562443944333  2.4555236893938854 
7778.13765189919  2.4556941490154713 
7779.7128598540485  2.4558651102270224 
7781.288067808907  2.456036578223575 
7782.863275763764  2.4562085562210996 
7784.438483718623  2.456381050331402 
7786.01369167348  2.456554064032389 
7787.588899628338  2.4567276023008167 
7789.164107583197  2.4569016683672085 
7790.739315538054  2.4570762674993607 
7792.3145234929125  2.4572514033934567 
7793.889731447771  2.4574270801094826 
7795.464939402628  2.457603302813368 
7797.040147357487  2.457780073484173 
7798.615355312344  2.457957398408326 
7800.190563267202  2.458135279113776 
7801.765771222061  2.458313720810111 
7803.340979176918  2.4584927269752375 
7804.9161871317765  2.4586723018874173 
7806.491395086635  2.45885244733654 
7808.066603041492  2.4590331692452314 
7809.641810996351  2.4592144696362084 
7811.217018951208  2.4593963522202107 
7812.792226906066  2.4595788216247456 
7814.367434860925  2.45976187971246 
7815.942642815782  2.4599455291609047 
7817.5178507706405  2.4601297740300647 
7819.093058725499  2.4603146186418594 
7820.668266680356  2.460500064582448 
7822.243474635215  2.4606861155916704 
7823.818682590072  2.4608727735903817 
7825.39389054493  2.4610600417945534 
7826.969098499789  2.4612479245988657 
7828.544306454646  2.46143642248353 
7830.1195144095045  2.4616255396394995 
7831.694722364362  2.461815277929418 
7833.26993031922  2.4620056405692603 
7834.845138274079  2.4621966289996635 
7836.420346228936  2.4623882459709425 
7837.995554183794  2.4625804955721824 
7839.570762138653  2.462773377133998 
7841.14597009351  2.4629668956185933 
7842.7211780483685  2.4631610503565753 
7844.296386003226  2.463355845800834 
7845.871593958084  2.4635512841050513 
7847.446801912943  2.4637473648763266 
7849.0220098678  2.463944092465681 
7850.597217822658  2.4641414666984924 
7852.172425777517  2.4643394907179754 
7853.747633732374  2.4645381650771014 
7855.3228416872325  2.464737492817222 
7856.89804964209  2.4649374734435696 
7858.473257596948  2.4651381108560604 
7860.048465551807  2.4653394051565556 
7861.623673506664  2.4655413566651996 
7863.198881461522  2.4657439676666395 
7864.774089416381  2.465947240314563 
7866.349297371238  2.466151174201514 
7867.924505326097  2.4663557707390282 
7869.499713280954  2.4665610313386424 
7871.074921235812  2.4667669576156186 
7872.650129190671  2.4669735473289625 
7874.225337145528  2.467180804567761 
7875.800545100386  2.4673887276730957 
7877.375753055245  2.4675973199337022 
7878.950961010102  2.4678065788320964 
7880.526168964961  2.468016506594723 
7882.101376919818  2.4682271035562735 
7883.676584874676  2.4684383692365377 
7885.251792829535  2.4686503046395956 
7886.827000784392  2.4688629106094595 
7888.40220873925  2.469076185472658 
7889.977416694109  2.469290129462024 
7891.552624648966  2.4695047438726765 
7893.127832603825  2.4697200280497786 
7894.703040558682  2.4699359821679536 
7896.27824851354  2.470152603025781 
7897.853456468399  2.4703698949160757 
7899.428664423256  2.4705878543318254 
7901.0038723781145  2.470806481651379 
7902.579080332973  2.471025775710587 
7904.15428828783  2.4712457379064294 
7905.729496242689  2.471466365022934 
7907.304704197546  2.471687656405266 
7908.879912152404  2.471909613377648 
7910.455120107263  2.472132232520381 
7912.03032806212  2.472355513964431 
7913.6055360169785  2.472579456851235 
7915.180743971837  2.4728040600894023 
7916.755951926694  2.47302932155435 
7918.331159881553  2.4732552405184833 
7919.90636783641  2.4734818155702674 
7921.481575791268  2.4737090451235417 
7923.056783746127  2.473936927315663 
7924.631991700984  2.4741654604586074 
7926.2071996558425  2.4743946420057905 
7927.782407610701  2.4746244734997167 
7929.357615565558  2.4748549504292896 
7930.932823520417  2.4750860704953084 
7932.508031475274  2.475317831806024 
7934.083239430132  2.475550233953982 
7935.658447384991  2.475783273010166 
7937.233655339848  2.476016947694007 
7938.8088632947065  2.4762512556480933 
7940.384071249565  2.476486193161691 
7941.959279204422  2.4767217590124346 
7943.534487159281  2.476957951163059 
7945.109695114138  2.4771947648550854 
7946.684903068996  2.477432198895258 
7948.260111023855  2.4776702496310463 
7949.835318978712  2.477908915621811 
7951.4105269335705  2.478148191978107 
7952.985734888429  2.478388077332056 
7954.560942843286  2.4786285668524215 
7956.136150798145  2.478869658283657 
7957.711358753002  2.4791113492829027 
7959.28656670786  2.4793536343349842 
7960.861774662719  2.4795965119847097 
7962.436982617576  2.4798399770952533 
7964.0121905724345  2.48008402629057 
7965.587398527292  2.4803286576498067 
7967.16260648215  2.4805738654104066 
7968.737814437009  2.4808196468366086 
7970.313022391866  2.4810659969225526 
7971.888230346724  2.481312911419081 
7973.463438301583  2.481560387866921 
7975.03864625644  2.481808420765447 
7976.6138542112985  2.482057006622198 
7978.189062166157  2.4823061410279483 
7979.764270121014  2.482555818191031 
7981.339478075873  2.4828060358267985 
7982.91468603073  2.483056787299575 
7984.489893985588  2.48330806879676 
7986.065101940447  2.483559876171057 
7987.640309895304  2.483812203776324 
7989.2155178501625  2.4840650461119367 
7990.79072580502  2.4843183997145393 
7992.365933759878  2.484572258152184 
7993.941141714737  2.4848266168410196 
7995.516349669594  2.4850814702222124 
7997.091557624452  2.4853368141921233 
7998.666765579311  2.485592641576659 
8000.241973534168  2.485848946904298 
8001.817181489027  2.486105726187816 
8003.392389443884  2.486362972471398 
8004.967597398742  2.486620681374916 
8006.542805353601  2.486878845127649 
8008.118013308458  2.4871374583599395 
8009.693221263316  2.4873965168517316 
8011.268429218175  2.4876560121047078 
8012.843637173032  2.4879159387346594 
8014.418845127891  2.4881762914301366 
8015.994053082748  2.4884370631043566 
8017.569261037606  2.4886982467287453 
8019.144468992465  2.4889598363224654 
8020.719676947322  2.4892218272289033 
8022.2948849021805  2.4894842092180616 
8023.870092857039  2.4897469782154076 
8025.445300811896  2.490010125984554 
8027.020508766755  2.4902736461954196 
8028.595716721612  2.490537532110466 
8030.17092467647  2.490801776220906 
8031.746132631329  2.4910663705522893 
8033.321340586186  2.491331310200622 
8034.8965485410445  2.49159658535791 
8036.471756495903  2.4918621900142166 
8038.04696445076  2.4921281163842655 
8039.622172405619  2.4923943563771904 
8041.197380360476  2.4926609033718705 
8042.772588315334  2.492927748273359 
8044.347796270193  2.4931948846497116 
8045.92300422505  2.493462303129491 
8047.4982121799085  2.4937299969606097 
8049.073420134767  2.4939979579357896 
8050.648628089624  2.494266177236569 
8052.223836044483  2.494534646510147 
8053.79904399934  2.4948033583059446 
8055.374251954198  2.495072304009227 
8056.949459909057  2.495341474423185 
8058.524667863914  2.4956108609330845 
8060.0998758187725  2.495880456088343 
8061.675083773631  2.4961502504884265 
8063.250291728488  2.4964202347327955 
8064.825499683347  2.496690400206717 
8066.400707638204  2.4969607377133802 
8067.975915593062  2.4972312393947504 
8069.551123547921  2.4975018950353847 
8071.126331502778  2.4977726956713013 
8072.7015394576365  2.498043631727342 
8074.276747412494  2.498314694326837 
8075.851955367352  2.4985858724976424 
8077.427163322211  2.4988571596040856 
8079.002371277068  2.499128542112886 
8080.577579231926  2.499400013126432 
8082.152787186785  2.4996715630113617 
8083.727995141642  2.499943179660477 
8085.3032030965005  2.5002148537023454 
8086.878411051359  2.5004865771334153 
8088.453619006216  2.500758337235311 
8090.028826961075  2.5010301257716496 
8091.604034915932  2.5013019315083516 
8093.17924287079  2.501573742891196 
8094.754450825649  2.50184555182932 
8096.329658780506  2.502117345778971 
8097.9048667353645  2.5023891156597537 
8099.480074690222  2.502660848083906 
8101.05528264508  2.5029325345531106 
8102.630490599939  2.503204165433999 
8104.205698554796  2.503475726494799 
8105.780906509654  2.503747209149878 
8107.356114464513  2.5040186011174237 
8108.93132241937  2.5042898900574073 
8110.5065303742285  2.504561067238682 
8112.081738329087  2.504832120408537 
8113.656946283944  2.5051030376052954 
8115.232154238803  2.5053738058486483 
8116.80736219366  2.505644417222357 
8118.382570148518  2.5059148561849725 
8119.957778103377  2.5061851137143103 
8121.532986058234  2.506455175811425 
8123.1081940130925  2.506725033308613 
8124.68340196795  2.506994671333814 
8126.258609922808  2.5072640794096515 
8127.833817877667  2.507533244555816 
8129.409025832524  2.507802154839738 
8130.984233787382  2.5080707976012486 
8132.559441742241  2.508339161926414 
8134.134649697098  2.508607233467047 
8135.709857651957  2.508875000930858 
8137.285065606814  2.50914245005697 
8138.860273561672  2.5094095689128157 
8140.435481516531  2.5096763463516254 
8142.010689471388  2.5099427675013435 
8143.585897426246  2.5102088193816594 
8145.161105381105  2.5104744899726943 
8146.736313335962  2.510739765421022 
8148.311521290821  2.511004633153789 
8149.886729245678  2.5112690790265333 
8151.461937200536  2.51153309023357 
8153.037145155395  2.5117966540856287 
8154.612353110252  2.5120597549539525 
8156.1875610651105  2.512322381458943 
8157.762769019969  2.5125845189322726 
8159.337976974826  2.512846153462306 
8160.913184929685  2.5131072720396332 
8162.488392884542  2.5133678599377163 
8164.0636008394  2.5136279027792625 
8165.638808794259  2.5138873888354283 
8167.214016749116  2.5141463011968885 
8168.7892247039745  2.5144046269124365 
8170.364432658833  2.5146623522450686 
8171.93964061369  2.5149194619734776 
8173.514848568549  2.5151759414002304 
8175.090056523406  2.5154317775741224 
8176.665264478264  2.5156869548663967 
8178.240472433123  2.515941457735608 
8179.81568038798  2.5161952731432398 
8181.3908883428385  2.5164483863918568 
8182.966096297697  2.516700780717656 
8184.541304252554  2.51695244255825 
8186.116512207413  2.517203356896062 
8187.69172016227  2.517453508102335 
8189.266928117128  2.51770288188709 
8190.842136071987  2.51795146270888 
8192.417344026844  2.518199234007626 
8193.992551981702  2.5184461828903295 
8195.56775993656  2.5186922913417216 
8197.14296789142  2.518937545304652 
8198.718175846276  2.519181929907063 
8200.293383801134  2.5194254276575516 
8201.868591755992  2.5196680240915157 
8203.44379971085  2.5199097017175514 
8205.019007665709  2.5201504474971452 
8206.594215620566  2.520390243298606 
8208.169423575424  2.5206290747155435 
8209.744631530282  2.520866923412541 
8211.31983948514  2.5211037764966022 
8212.895047439999  2.5213396149920304 
8214.470255394855  2.5215744229499255 
8216.045463349714  2.5218081841885573 
8217.620671304572  2.5220408846507776 
8219.19587925943  2.5222725046915 
8220.771087214289  2.522503028565551 
8222.346295169147  2.5227324413717733 
8223.921503124004  2.5229607253568243 
8225.496711078862  2.5231878630293063 
8227.07191903372  2.523413837538101 
8228.647126988579  2.523638634069357 
8230.222334943437  2.5238622341130403 
8231.797542898294  2.524084619770292 
8233.372750853152  2.5243057760817464 
8234.94795880801  2.5245256859925576 
8236.523166762869  2.5247443288681097 
8238.098374717727  2.524961690680357 
8239.673582672585  2.525177753792378 
8241.248790627442  2.5253925011493266 
8242.8239985823  2.525605913309846 
8244.399206537159  2.525817975634709 
8245.974414492017  2.5260286672273646 
8247.549622446875  2.5262379726336808 
8249.124830401732  2.526445874216734 
8250.70003835659  2.526652352331439 
8252.275246311448  2.5268573912617285 
8253.850454266307  2.5270609743311065 
8255.425662221165  2.5272630788385877 
8257.000870176022  2.5274636917165476 
8258.57607813088  2.527662793174386 
8260.151286085738  2.527860362897627 
8261.726494040597  2.5280563855776563 
8263.301701995455  2.528250843082788 
8264.876909950312  2.5284437170776073 
8266.45211790517  2.5286349864909425 
8268.027325860028  2.528824635490309 
8269.602533814887  2.5290126442268956 
8271.177741769745  2.529198997654021 
8272.752949724603  2.529383671964752 
8274.32815767946  2.5295666528691076 
8275.903365634318  2.529747918422799 
8277.478573589176  2.5299274526478257 
8279.053781544035  2.530105234822258 
8280.628989498893  2.5302812483278108 
8282.20419745375  2.530455473199254 
8283.779405408608  2.5306278894713614 
8285.354613363466  2.530798478546785 
8286.929821318325  2.530967222468462 
8288.505029273183  2.5311341029009786 
8290.080237228041  2.5312990980164622 
8291.655445182898  2.5314621910511046 
8293.230653137756  2.5316233606718015 
8294.805861092615  2.531782590318471 
8296.381069047473  2.5319398571446072 
8297.95627700233  2.5320951457542833 
8299.531484957188  2.5322484328935393 
8301.106692912046  2.532399702671682 
8302.681900866904  2.5325489340757485 
8304.257108821763  2.532696107722586 
8305.832316776621  2.5328412018134268 
8307.407524731478  2.5329842008941346 
8308.982732686336  2.5331250819726847 
8310.557940641194  2.533263827353949 
8312.133148596053  2.5334004150063265 
8313.708356550911  2.533534827380209 
8315.283564505768  2.533667044277536 
8316.858772460626  2.5337970450636935 
8318.433980415484  2.5339248085510917 
8320.009188370343  2.534050318674417 
8321.584396325201  2.5341735513065946 
8323.15960428006  2.53429448750103 
8324.734812234916  2.534413110784953 
8326.310020189774  2.5345293946738825 
8327.885228144632  2.534643323655473 
8329.46043609949  2.5347548766294494 
8331.03564405435  2.5348640344163877 
8332.610852009206  2.534970773529494 
8334.186059964064  2.535075075837085 
8335.761267918922  2.535176919802325 
8337.33647587378  2.5352762882539532 
8338.911683828639  2.5353731562499897 
8340.486891783496  2.5354675073176622 
8342.062099738354  2.535559317679144 
8343.637307693212  2.535648569872137 
8345.21251564807  2.5357352395949415 
8346.787723602929  2.535819309996442 
8348.362931557785  2.535900758870411 
8349.938139512644  2.535979565640446 
8351.513347467502  2.5360557100211736 
8353.08855542236  2.536129170359345 
8354.663763377219  2.5361999267770443 
8356.238971332077  2.536267959367252 
8357.814179286934  2.536333244439447 
8359.389387241792  2.5363957654335536 
8360.96459519665  2.536455498659052 
8362.539803151509  2.5365124215604737 
8364.115011106367  2.5365665180434016 
8365.690219061224  2.5366177648247685 
8367.265427016082  2.536666138767032 
8368.84063497094  2.5367116227571387 
8370.415842925799  2.5367541940067895 
8371.991050880657  2.53679383036797 
8373.566258835515  2.5368305133306435 
8375.141466790372  2.5368642197281583 
8376.71667474523  2.536894929944537 
8378.291882700089  2.5369226241600695 
8379.867090654947  2.5369472767342813 
8381.442298609805  2.5369688713690275 
8383.017506564662  2.536987384752137 
8384.59271451952  2.5370027933386154 
8386.167922474378  2.5370150823728186 
8387.743130429237  2.53702422560309 
8389.318338384095  2.537030201929156 
8390.893546338952  2.537032993102912 
8392.46875429381  2.537032573920442 
8394.043962248668  2.5370289292477533 
8395.619170203527  2.537022031057859 
8397.194378158385  2.537011863227236 
8398.769586113242  2.536998400988523 
8400.3447940681  2.5369816238235217 
8401.920002022958  2.5369615129020535 
8403.495209977817  2.5369380447955336 
8405.070417932675  2.5369111984036863 
8406.645625887533  2.5368809534702463 
8408.22083384239  2.5368472879927135 
8409.796041797248  2.536810178979067 
8411.371249752106  2.536769608675968 
8412.946457706965  2.536725553014548 
8414.521665661823  2.536677992233309 
8416.09687361668  2.53662690508645 
8417.672081571538  2.536572268756572 
8419.247289526396  2.5365140632202383 
8420.822497481255  2.5364522655436303 
8422.397705436113  2.5363868571876083 
8423.972913390971  2.536317814432551 
8425.548121345828  2.536245118244551 
8427.123329300686  2.5361687440017704 
8428.698537255545  2.536088674067287 
8430.273745210403  2.5360048841976095 
8431.84895316526  2.5359173557080794 
8433.424161120118  2.535826066945446 
8434.999369074976  2.535730992793106 
8436.574577029834  2.5356321160506923 
8438.149784984693  2.5355294143082574 
8439.724992939551  2.5354228673677435 
8441.300200894408  2.5353124518296677 
8442.875408849266  2.5351981483399872 
8444.450616804124  2.5350799362640832 
8446.025824758983  2.534957791445777 
8447.601032713841  2.5348316954041374 
8449.176240668698  2.534701625147136 
8450.751448623556  2.5345675612625196 
8452.326656578414  2.5344294809328862 
8453.901864533273  2.5342873648914974 
8455.477072488131  2.534141190262744 
8457.05228044299  2.5339909377507874 
8458.627488397846  2.533836587273981 
8460.202696352704  2.5336781124642584 
8461.777904307562  2.533515497983899 
8463.35311226242  2.533348719734931 
8464.92832021728  2.5331777579267514 
8466.503528172136  2.5330025908187963 
8468.078736126994  2.532823198416736 
8469.653944081852  2.5326395600277465 
8471.22915203671  2.532451655657496 
8472.804359991569  2.532259459054331 
8474.379567946426  2.532062957645394 
8475.954775901284  2.5318621253536544 
8477.529983856142  2.5316569412243553 
8479.105191811  2.531447387940716 
8480.680399765859  2.531233441608493 
8482.255607720715  2.531015083193779 
8483.830815675574  2.530792291712714 
8485.406023630432  2.5305650463560596 
8486.98123158529  2.53033332771156 
8488.556439540149  2.5300971128453966 
8490.131647495007  2.529856384411688 
8491.706855449864  2.5296111208444927 
8493.282063404722  2.529361300927121 
8494.85727135958  2.5291069031809457 
8496.432479314439  2.5288479117734823 
8498.007687269297  2.528584301850061 
8499.582895224154  2.5283160549588497 
8501.158103179012  2.528043152240571 
8502.73331113387  2.5277655727695674 
8504.308519088729  2.5274832948052794 
8505.883727043587  2.5271962995757344 
8507.458934998445  2.5269045681634457 
8509.034142953302  2.5266080793226138 
8510.60935090816  2.526306813320843 
8512.184558863019  2.526000751502579 
8513.759766817877  2.525689870963106 
8515.334974772735  2.525374157528859 
8516.910182727592  2.525053586316062 
8518.48539068245  2.5247281401825603 
8520.060598637308  2.524397797940765 
8521.635806592167  2.524062542419415 
8523.211014547025  2.5237223526055472 
8524.786222501882  2.523377210862236 
8526.36143045674  2.52302709480864 
8527.936638411598  2.522671987157082 
8529.511846366457  2.5223118695430458 
8531.087054321315  2.521946721913992 
8532.662262276172  2.52157652459573 
8534.23747023103  2.5212012611154933 
8535.812678185888  2.5208209095872007 
8537.387886140747  2.520435453450773 
8538.963094095605  2.5200448700634297 
8540.538302050463  2.5196491464739674 
8542.11351000532  2.5192482595157344 
8543.688717960178  2.5188421922794078 
8545.263925915036  2.518430927186274 
8546.839133869895  2.51801444432931 
8548.414341824753  2.517592727381271 
8549.98954977961  2.5171657545142807 
8551.564757734468  2.5167335110600106 
8553.139965689326  2.5162959775188942 
8554.715173644185  2.5158531373599544 
8556.290381599043  2.5154049692791887 
8557.865589553901  2.5149514577060477 
8559.440797508758  2.5144925879139914 
8561.016005463616  2.514028335805051 
8562.591213418475  2.5135586870310367 
8564.166421373333  2.5130836265161633 
8565.74162932819  2.5126031324034552 
8567.316837283048  2.5121171913633584 
8568.892045237906  2.5116257835761644 
8570.467253192764  2.5111288926273123 
8572.042461147623  2.510626499657519 
8573.617669102481  2.5101185914245434 
8575.192877057338  2.5096051476721186 
8576.768085012196  2.5090861562930518 
8578.343292967054  2.5085615962161687 
8579.918500921913  2.508031453064177 
8581.493708876771  2.507495708734496 
8583.068916831628  2.5069543475983664 
8584.644124786486  2.5064073544053826 
8586.219332741344  2.5058547131775417 
8587.794540696203  2.5052964055212215 
8589.369748651061  2.5047324163315356 
8590.94495660592  2.50416273251176 
8592.520164560776  2.5035873364831787 
8594.095372515634  2.503006210783496 
8595.670580470492  2.502419343247311 
8597.24578842535  2.5018267167033628 
8598.82099638021  2.5012283162795947 
8600.396204335066  2.5006241266673896 
8601.971412289924  2.5000141330529004 
8603.546620244782  2.49939832239761 
8605.12182819964  2.4987766746780835 
8606.697036154499  2.4981491807848215 
8608.272244109356  2.4975158223533076 
8609.847452064214  2.496876588935265 
8611.422660019072  2.4962314626318403 
8612.99786797393  2.4955804321798487 
8614.573075928789  2.494923481455772 
8616.148283883645  2.494260596955428 
8617.723491838504  2.4935917646216694 
8619.298699793362  2.4929169729002747 
8620.87390774822  2.4922362057259306 
8622.449115703079  2.491549450438469 
8624.024323657937  2.4908566954254643 
8625.599531612794  2.4901579257566477 
8627.174739567652  2.489453128713648 
8628.74994752251  2.488742293469841 
8630.325155477369  2.488025404920336 
8631.900363432227  2.4873024519474716 
8633.475571387084  2.4865734218328717 
8635.050779341942  2.4858383022947237 
8636.6259872968  2.485097080178093 
8638.201195251659  2.4843497449764977 
8639.776403206517  2.4835962845827453 
8641.351611161375  2.4828366867150193 
8642.926819116232  2.48207094357349 
8644.50202707109  2.4812990385689773 
8646.077235025949  2.480520962097217 
8647.652442980807  2.479736704874085 
8649.227650935665  2.4789462554326755 
8650.802858890522  2.4781496022187635 
8652.37806684538  2.477346735395258 
8653.953274800238  2.476537643466145 
8655.528482755097  2.4757223167689513 
8657.103690709955  2.4749007483769683 
8658.678898664812  2.474072923418134 
8660.25410661967  2.473238834616495 
8661.829314574528  2.47239847239689 
8663.404522529387  2.471551828028168 
8664.979730484245  2.4706988906546035 
8666.554938439102  2.4698396520107053 
8668.13014639396  2.4689741050242446 
8669.705354348818  2.4681022390432195 
8671.280562303677  2.467224045976764 
8672.855770258535  2.4663395175011824 
8674.430978213393  2.4654486467188694 
8676.00618616825  2.4645514224830545 
8677.581394123108  2.4636478410102427 
8679.156602077966  2.4627378921431955 
8680.731810032825  2.4618215689552008 
8682.307017987683  2.4608988648396926 
8683.88222594254  2.4599697735102377 
8685.457433897398  2.459034285828238 
8687.032641852256  2.458092398039298 
8688.607849807115  2.4571441014995794 
8690.183057761973  2.4561893914069515 
8691.758265716831  2.4552282607182865 
8693.333473671688  2.454260705388151 
8694.908681626546  2.4532867162197354 
8696.483889581405  2.4523062928929 
8698.059097536263  2.451319425657857 
8699.63430549112  2.4503261122736144 
8701.209513445978  2.4493263470649254 
8702.784721400836  2.448320124181919 
8704.359929355694  2.4473074411507696 
8705.935137310553  2.4462882921507116 
8707.510345265411  2.4452626754937232 
8709.085553220268  2.4442305871925782 
8710.660761175126  2.44319202247425 
8712.235969129984  2.4421469784574583 
8713.811177084843  2.4410954516788474 
8715.386385039701  2.44003743788926 
8716.961592994558  2.4389729399699713 
8718.536800949416  2.43790194907342 
8720.112008904274  2.436824468924897 
8721.687216859133  2.4357404924812727 
8723.262424813991  2.4346500206156634 
8724.83763276885  2.4335530516400476 
8726.412840723706  2.4324495828186627 
8727.988048678564  2.4313396166544403 
8729.563256633422  2.4302231476176526 
8731.13846458828  2.4291001805395345 
8732.71367254314  2.427970712742536 
8734.288880497996  2.426834742218489 
8735.864088452854  2.4256922708300404 
8737.439296407712  2.4245433005271484 
8739.01450436257  2.4233878290979196 
8740.589712317429  2.4222258599475026 
8742.164920272287  2.421057394647506 
8743.740128227144  2.419882433518069 
8745.315336182002  2.4187009765300895 
8746.89054413686  2.417513029678958 
8748.465752091719  2.41631859212066 
8750.040960046575  2.4151176668528933 
8751.616168001434  2.4139102560002352 
8753.191375956292  2.412696367304307 
8754.76658391115  2.4114759969816073 
8756.341791866009  2.410249153181212 
8757.916999820867  2.4090158387261917 
8759.492207775724  2.407776059146272 
8761.067415730582  2.406529815110843 
8762.64262368544  2.405277115409262 
8764.217831640299  2.4040179628645997 
8765.793039595157  2.4027523627446508 
8767.368247550014  2.401480321510462 
8768.943455504872  2.4002018438186496 
8770.51866345973  2.398916936130263 
8772.093871414589  2.3976256059249863 
8773.669079369447  2.3963278584415093 
8775.244287324305  2.3950237004610253 
8776.819495279162  2.393713141733315 
8778.39470323402  2.3923961851978675 
8779.969911188879  2.391072842408903 
8781.545119143737  2.3897431211953517 
8783.120327098593  2.3884070289495862 
8784.695535053452  2.387064574082615 
8786.27074300831  2.3857157680613454 
8787.845950963168  2.384360616240883 
8789.421158918027  2.382999131892575 
8790.996366872885  2.3816313237475706 
8792.571574827742  2.3802572013810277 
8794.1467827826  2.378876775561366 
8795.721990737458  2.377490057959221 
8797.297198692317  2.376097059517633 
8798.872406647175  2.374697791208747 
8800.447614602032  2.3732922661292832 
8802.02282255689  2.371880494582001 
8803.598030511748  2.370462491438957 
8805.173238466607  2.369038267323048 
8806.748446421465  2.367607836436946 
8808.323654376323  2.3661712126340726 
8809.89886233118  2.3647284081089306 
8811.474070286038  2.3632794381701387 
8813.049278240896  2.361824318155413 
8814.624486195755  2.3603630619763862 
8816.199694150613  2.358895684476011 
8817.77490210547  2.3574222021270543 
8819.350110060328  2.3559426293941215 
8820.925318015186  2.3544569840887566 
8822.500525970045  2.352965282218065 
8824.075733924903  2.3514675390033517 
8825.650941879761  2.349963774264325 
8827.226149834618  2.3484540055214893 
8828.801357789476  2.3469382490438875 
8830.376565744335  2.3454165231378283 
8831.951773699193  2.3438888455275446 
8833.52698165405  2.342355240194592 
8835.102189608908  2.340815723437117 
8836.677397563766  2.3392703115823674 
8838.252605518624  2.3377190304745454 
8839.827813473483  2.33616189978784 
8841.403021428341  2.3345989372755875 
8842.978229383198  2.3330301667156164 
8844.553437338056  2.331455609004479 
8846.128645292914  2.3298752857081126 
8847.703853247773  2.328289221040904 
8849.279061202631  2.326697434647941 
8850.854269157488  2.3250999529554974 
8852.429477112346  2.3234967974130996 
8854.004685067204  2.321887992642587 
8855.579893022063  2.320273563585942 
8857.155100976921  2.3186535350978374 
8858.73030893178  2.3170279303449215 
8860.305516886636  2.315396779187723 
8861.880724841494  2.313760101620573 
8863.455932796352  2.312117930385284 
8865.03114075121  2.310470286640338 
8866.60634870607  2.30881720056641 
8868.181556660926  2.3071586999576534 
8869.756764615784  2.305494812550023 
8871.331972570642  2.3038255657302216 
8872.9071805255  2.3021509883692484 
8874.482388480359  2.3004711111134384 
8876.057596435217  2.2987859619315723 
8877.632804390074  2.2970955728087574 
8879.208012344932  2.2953999722376466 
8880.78322029979  2.293699193221983 
8882.358428254649  2.291993265447673 
8883.933636209505  2.2902822223259136 
8885.508844164364  2.288566095405258 
8887.084052119222  2.286844916176051 
8888.65926007408  2.2851187204360035 
8890.234468028939  2.283387538045645 
8891.809675983797  2.2816514070727876 
8893.384883938654  2.2799103599390946 
8894.960091893512  2.278164431336336 
8896.53529984837  2.276413657818921 
8898.110507803229  2.2746580736711617 
8899.685715758087  2.2728977166698314 
8901.260923712944  2.271132623020094 
8902.836131667802  2.269362827995792 
8904.41133962266  2.2675883728079493 
8905.986547577519  2.265809294360224 
8907.561755532377  2.264025629672688 
8909.136963487235  2.262237419490703 
8910.712171442092  2.26044470310444 
8912.28737939695  2.2586475189309567 
8913.862587351809  2.2568459096946754 
8915.437795306667  2.255039917421527 
8917.013003261523  2.253229580936022 
8918.588211216382  2.2514149405178614 
8920.16341917124  2.2495960427913815 
8921.738627126098  2.2477729281526986 
8923.313835080957  2.2459456419455814 
8924.889043035815  2.244114226137754 
8926.464250990672  2.242278726189397 
8928.03945894553  2.2404391867457893 
8929.614666900388  2.23859565379098 
8931.189874855247  2.2367481713299635 
8932.765082810105  2.2348967890138742 
8934.340290764962  2.2330415514297783 
8935.91549871982  2.231182506191544 
8937.490706674678  2.2293197031249297 
8939.065914629537  2.2274531883886084 
8940.641122584395  2.225583010585978 
8942.216330539253  2.2237092212308203 
8943.79153849411  2.221831870789174 
8945.366746448968  2.2199510079808533 
8946.941954403826  2.2180666837375616 
8948.517162358685  2.2161789522506288 
8950.092370313543  2.2142878624727023 
8951.6675782684  2.212393469235394 
8953.242786223258  2.2104958267882466 
8954.817994178116  2.208594986528624 
8956.393202132975  2.2066910034045577 
8957.968410087833  2.2047839320730414 
8959.543618042691  2.2028738291119234 
8961.118825997548  2.2009607510408387 
8962.694033952406  2.199044751818292 
8964.269241907265  2.1971258902922273 
8965.844449862123  2.1952042233897373 
8967.41965781698  2.193279808852822 
8968.994865771838  2.191352708090562 
8970.570073726696  2.189422978553921 
8972.145281681554  2.1874906807788648 
8973.720489636413  2.1855558744282466 
8975.295697591271  2.183618620969356 
8976.870905546128  2.1816789815784428 
8978.446113500986  2.179737020516768 
8980.021321455844  2.1777927982620895 
8981.596529410703  2.1758463800651944 
8983.171737365561  2.173897827160546 
8984.746945320418  2.1719472075346857 
8986.322153275276  2.1699945849250066 
8987.897361230134  2.168040025047958 
8989.472569184993  2.1660835936781946 
8991.047777139851  2.164125358103775 
8992.62298509471  2.162165387009737 
8994.198193049566  2.1602037487318744 
8995.773401004424  2.158240510383621 
8997.348608959283  2.15627574257087 
8998.92381691414  2.1543095136294137 
9000.499024869  2.1523418973665693 
9002.074232823856  2.1503729625837877 
9003.649440778714  2.148402782448102 
9005.224648733572  2.146431428438518 
9006.79985668843  2.144458975992166 
9008.375064643289  2.1424854936776683 
9009.950272598147  2.140511062927545 
9011.525480553004  2.138535755162593 
9013.100688507862  2.1365596441901284 
9014.67589646272  2.1345828102203086 
9016.251104417579  2.1326053291559215 
9017.826312372435  2.130627277249005 
9019.401520327294  2.12864873430226 
9020.976728282152  2.126669778313953 
9022.55193623701  2.124690491182264 
9024.127144191869  2.1227109491592278 
9025.702352146727  2.120731235423592 
9027.277560101584  2.1187514322227794 
9028.852768056442  2.116771622619126 
9030.4279760113  2.114791887172032 
9032.003183966159  2.112812310340814 
9033.578391921017  2.110832976235543 
9035.153599875874  2.108853972516954 
9036.728807830732  2.1068753817235115 
9038.30401578559  2.104897291632369 
9039.879223740449  2.102919787459541 
9041.454431695307  2.1009429592522793 
9043.029639650165  2.0989668959518895 
9044.604847605022  2.096991686092224 
9046.18005555988  2.0950174171011886 
9047.755263514739  2.093044183740858 
9049.330471469597  2.091072073206305 
9050.905679424453  2.0891011795029044 
9052.480887379312  2.087131596461404 
9054.05609533417  2.085163414478302 
9055.631303289028  2.0831967308768067 
9057.206511243887  2.0812316377996467 
9058.781719198745  2.079268234549091 
9060.356927153602  2.0773066125693727 
9061.93213510846  2.075346872152295 
9063.507343063318  2.073389112658333 
9065.082551018177  2.0714334273943673 
9066.657758973035  2.069479920843151 
9068.232966927892  2.067528690560721 
9069.80817488275  2.0655798364896327 
9071.383382837608  2.063633462472353 
9072.958590792467  2.0616896708379495 
9074.533798747325  2.059748561296147 
9076.109006702183  2.0578102410072465 
9077.68421465704  2.055874812125694 
9079.259422611898  2.0539423804730177 
9080.834630566756  2.052013054548297 
9082.409838521615  2.050086939765606 
9083.985046476473  2.048164143809118 
9085.56025443133  2.046244773780927 
9087.135462386188  2.0443289397517215 
9088.710670341046  2.042416753829457 
9090.285878295905  2.0405083214864135 
9091.861086250763  2.0386037608841434 
9093.436294205621  2.0367031791247436 
9095.011502160478  2.034806693263817 
9096.586710115336  2.0329144151764917 
9098.161918070195  2.0310264595900662 
9099.737126025053  2.029142942395992 
9101.31233397991  2.0272639805916697 
9102.887541934768  2.0253896896028887 
9104.462749889626  2.023520188347902 
9106.037957844484  2.021655598888174 
9107.613165799343  2.0197960354271345 
9109.188373754201  2.0179416217142725 
9110.763581709058  2.016092478472274 
9112.338789663916  2.0142487284610975 
9113.913997618774  2.0124104943824936 
9115.489205573633  2.0105778991710395 
9117.064413528491  2.0087510664016017 
9118.639621483348  2.006930125004146 
9120.214829438206  2.00511519954307 
9121.790037393064  2.0033064160379577 
9123.365245347923  2.001503905863501 
9124.940453302781  1.9997077945736237 
9126.51566125764  1.9979182134848097 
9128.090869212496  1.9961352940299548 
9129.666077167354  1.9943591639166693 
9131.241285122213  1.9925899626687167 
9132.81649307707  1.9908278167131355 
9134.39170103193  1.9890728656901053 
9135.966908986786  1.9873252395191228 
9137.542116941644  1.9855850762105545 
9139.117324896502  1.9838525139493863 
9140.69253285136  1.9821276878356002 
9142.267740806219  1.9804107412346637 
9143.842948761077  1.9787018085480677 
9145.418156715934  1.977001030754764 
9146.993364670792  1.9753085540141906 
9148.56857262565  1.973624514124822 
9150.143780580509  1.971949057886377 
9151.718988535365  1.970282329828478 
9153.294196490224  1.9686244733748024 
9154.869404445082  1.9669756349758245 
9156.44461239994  1.9653359602089038 
9158.019820354799  1.963705600996036 
9159.595028309657  1.9620847010519364 
9161.170236264514  1.9604734101449135 
9162.745444219372  1.958871885901317 
9164.32065217423  1.957280270056799 
9165.895860129089  1.9556987224495965 
9167.471068083947  1.9541273923241538 
9169.046276038804  1.9525664378306828 
9170.621483993662  1.9510160100180651 
9172.19669194852  1.9494762686081233 
9173.771899903379  1.947947368782479 
9175.347107858237  1.946429470553994 
9176.922315813095  1.9449227302684455 
9178.497523767952  1.94342731119832 
9180.07273172281  1.9419433745788406 
9181.647939677669  1.9404710795497522 
9183.223147632527  1.9390105921775103 
9184.798355587383  1.9375620768405495 
9186.373563542242  1.9361256950069214 
9187.9487714971  1.9347016142564826 
9189.523979451958  1.9332900054287165 
9191.099187406817  1.9318910321453588 
9192.674395361675  1.9305048651876868 
9194.249603316532  1.929131676268298 
9195.82481127139  1.927771634014789 
9197.400019226248  1.9264249121770267 
9198.975227181107  1.9250916822929862 
9200.550435135965  1.9237721222452828 
9202.125643090822  1.9224664018838666 
9203.70085104568  1.9211747029330581 
9205.276059000538  1.919897200365085 
9206.851266955397  1.9186340721207669 
9208.426474910255  1.9173854969558308 
9210.001682865113  1.9161516571766704 
9211.57689081997  1.9149327340419404 
9213.152098774828  1.913728909916245 
9214.727306729686  1.9125403683865438 
9216.302514684545  1.9113672943785782 
9217.877722639403  1.9102098736912017 
9219.45293059426  1.909068292065058 
9221.028138549118  1.9079427402466533 
9222.603346503976  1.9068334045587108 
9224.178554458835  1.9057404745253728 
9225.753762413693  1.9046641425811683 
9227.328970368551  1.9036046025576074 
9228.904178323408  1.9025620469474231 
9230.479386278266  1.9015366677194832 
9232.054594233125  1.9005286660976712 
9233.629802187983  1.8995382309658455 
9235.20501014284  1.8985655690194105 
9236.780218097698  1.897610871470533 
9238.355426052556  1.8966743422206491 
9239.930634007414  1.8957561809220353 
9241.505841962273  1.8948565912432969 
9243.081049917131  1.8939757751650184 
9244.656257871988  1.893113940313924 
9246.231465826846  1.8922712870989924 
9247.806673781704  1.8914480278617702 
9249.381881736563  1.8906443673768076 
9250.957089691421  1.8898605137947024 
9252.532297646278  1.8890966808539813 
9254.107505601136  1.8883530785678888 
9255.682713555994  1.8876299177645706 
9257.257921510853  1.8869274145108645 
9258.833129465711  1.8862457821378484 
9260.40833742057  1.8855852374690594 
9261.983545375426  1.8849459976772778 
9263.558753330284  1.8843282819725573 
9265.133961285143  1.88373230828438 
9266.70916924  1.8831583000719543 
9268.28437719486  1.8826064763125037 
9269.859585149716  1.8820770628517494 
9271.434793104574  1.8815702836145647 
9273.010001059432  1.8810863618855362 
9274.58520901429  1.8806255268864331 
9276.160416969149  1.8801880040555263 
9277.735624924007  1.879774027271197 
9279.310832878864  1.8793838318215288 
9280.886040833722  1.879017652663641 
9282.46124878858  1.8786757247546517 
9284.036456743439  1.8783582830516792 
9285.611664698295  1.8780655625118428 
9287.186872653154  1.8777977980922598 
9288.762080608012  1.877555224750049 
9290.33728856287  1.8773380774423294 
9291.912496517729  1.8771465911262188 
9293.487704472587  1.8769810007588363 
9295.062912427444  1.876841541297301 
9296.638120382302  1.8767284476987292 
9298.21332833716  1.8766419549202413 
9299.788536292019  1.876582297918955 
9301.363744246877  1.8765497116519894 
9302.938952201734  1.876544431076462 
9304.514160156592  1.8765666911494918 
