6080.063476562266  1.0 
6081.638684517125  1.0 
6083.213892471982  1.0 
6084.78910042684  1.0 
6086.364308381699  1.0 
6087.939516336556  1.0 
6089.5147242914145  1.0 
6091.089932246272  1.0 
6092.66514020113  1.0 
6094.240348155989  1.0 
6095.815556110846  1.0 
6097.390764065704  1.0 
6098.965972020562  1.0 
6100.54117997542  1.0 
6102.1163879302785  1.0 
6103.691595885137  1.0 
6105.266803839994  1.0 
6106.842011794853  1.0 
6108.41721974971  1.0 
6109.992427704568  1.0 
6111.567635659427  1.0 
6113.142843614284  1.0 
6114.7180515691425  1.0 
6116.293259524  1.0 
6117.868467478858  1.0 
6119.443675433717  1.0 
6121.018883388574  1.0 
6122.594091343432  1.0 
6124.16929929829  1.0 
6125.744507253148  1.0 
6127.3197152080065  1.0 
6128.894923162865  1.0 
6130.470131117722  1.0 
6132.045339072581  1.0 
6133.620547027438  1.0 
6135.195754982296  1.0 
6136.770962937155  1.0 
6138.346170892012  1.0 
6139.9213788468705  1.0 
6141.496586801728  1.0 
6143.071794756586  1.0 
6144.647002711445  1.0 
6146.222210666302  1.0 
6147.79741862116  1.0 
6149.372626576018  1.0 
6150.947834530876  1.0 
6152.523042485735  1.0 
6154.098250440593  1.0 
6155.67345839545  1.0 
6157.248666350309  1.0 
6158.823874305166  1.0 
6160.399082260024  1.0 
6161.974290214883  1.0 
6163.54949816974  1.0 
6165.124706124599  1.0 
6166.699914079456  1.0 
6168.275122034314  1.0 
6169.850329989173  1.0 
6171.42553794403  1.0 
6173.000745898888  1.0 
6174.575953853746  1.0 
6176.151161808604  1.0 
6177.726369763463  1.0 
6179.301577718321  1.0 
6180.876785673178  1.0 
6182.451993628037  1.0 
6184.027201582894  1.0 
6185.6024095377525  1.0 
6187.177617492611  1.0 
6188.752825447468  1.0 
6190.328033402327  1.0 
6191.903241357184  1.0 
6193.478449312042  1.0 
6195.053657266901  1.0 
6196.628865221758  1.0 
6198.2040731766165  1.0 
6199.779281131474  1.0 
6201.354489086332  1.0 
6202.929697041191  1.0 
6204.504904996049  1.0 
6206.080112950906  1.0 
6207.655320905765  1.0 
6209.230528860622  1.0 
6210.8057368154805  1.0 
6212.380944770339  1.0 
6213.956152725196  1.0 
6215.531360680055  1.0 
6217.106568634912  1.0 
6218.68177658977  1.0 
6220.256984544629  1.0 
6221.832192499486  1.0 
6223.4074004543445  1.0 
6224.982608409202  1.0 
6226.55781636406  1.0 
6228.133024318919  1.0 
6229.708232273776  1.0 
6231.283440228634  1.0 
6232.858648183492  1.0 
6234.43385613835  1.0 
6236.0090640932085  1.0 
6237.584272048067  1.0 
6239.159480002924  1.0 
6240.734687957783  1.0 
6242.30989591264  1.0 
6243.885103867498  1.0 
6245.460311822357  1.0 
6247.035519777214  1.0 
6248.6107277320725  1.0 
6250.18593568693  1.0 
6251.761143641788  1.0 
6253.336351596647  1.0 
6254.911559551504  1.0 
6256.486767506362  1.0 
6258.06197546122  1.0 
6259.637183416078  1.0 
6261.2123913709365  1.0 
6262.787599325795  1.0 
6264.362807280652  1.0 
6265.938015235511  1.0 
6267.513223190368  1.0 
6269.088431145226  1.0 
6270.663639100085  1.0 
6272.238847054942  1.0 
6273.8140550098005  1.0 
6275.389262964658  1.0 
6276.964470919516  1.0 
6278.539678874375  1.0 
6280.114886829232  1.0 
6281.69009478409  1.0 
6283.265302738948  1.0 
6284.840510693806  1.0 
6286.415718648665  1.0 
6287.990926603523  1.0 
6289.56613455838  1.0 
6291.141342513239  1.0 
6292.716550468096  1.0 
6294.291758422954  1.0 
6295.866966377813  1.0 
6297.44217433267  1.0 
6299.017382287529  1.0 
6300.592590242386  1.0 
6302.167798197244  1.0 
6303.743006152103  1.0 
6305.31821410696  1.0 
6306.8934220618185  1.0 
6308.468630016676  1.0 
6310.043837971534  1.0 
6311.619045926393  1.0 
6313.194253881251  1.0 
6314.769461836108  1.0 
6316.344669790967  1.0 
6317.919877745824  1.0 
6319.4950857006825  1.0 
6321.070293655541  1.0 
6322.645501610398  1.0 
6324.220709565257  1.0 
6325.795917520114  1.0 
6327.371125474972  1.0 
6328.946333429831  1.0 
6330.521541384688  1.0 
6332.0967493395465  1.0 
6333.671957294404  1.0 
6335.247165249262  1.0 
6336.822373204121  1.0 
6338.397581158979  1.0 
6339.972789113836  1.0 
6341.547997068695  1.0 
6343.123205023552  1.0 
6344.6984129784105  1.0 
6346.273620933269  1.0 
6347.848828888126  1.0 
6349.424036842985  1.0 
6350.999244797842  1.0 
6352.5744527527  1.0 
6354.149660707559  1.0 
6355.724868662416  1.0 
6357.3000766172745  1.0 
6358.875284572132  1.0 
6360.45049252699  1.0 
6362.025700481849  1.0 
6363.600908436706  1.0 
6365.176116391564  1.0 
6366.751324346422  1.0 
6368.32653230128  1.0 
6369.9017402561385  1.0 
6371.476948210997  1.0 
6373.052156165854  1.0 
6374.627364120713  1.0 
6376.20257207557  1.0 
6377.777780030428  1.0 
6379.352987985287  1.0 
6380.928195940144  1.0 
6382.5034038950025  1.0 
6384.07861184986  1.0 
6385.653819804718  1.0 
6387.229027759577  1.0 
6388.804235714434  1.0 
6390.379443669292  1.0 
6391.95465162415  1.0 
6393.529859579008  1.0 
6395.1050675338665  1.0 
6396.680275488725  1.0 
6398.255483443582  1.0 
6399.830691398441  1.0 
6401.405899353298  1.0 
6402.981107308156  1.0 
6404.556315263015  1.0 
6406.131523217872  1.0 
6407.7067311727305  1.0 
6409.281939127588  1.0 
6410.857147082446  1.0 
6412.432355037305  1.0 
6414.007562992162  1.0 
6415.58277094702  1.0 
6417.157978901878  1.0 
6418.733186856736  1.0 
6420.308394811595  1.0 
6421.883602766453  1.0 
6423.45881072131  1.0 
6425.034018676169  1.0 
6426.609226631026  1.0 
6428.184434585884  1.0 
6429.759642540743  1.0 
6431.3348504956  1.0 
6432.910058450459  1.0 
6434.485266405316  1.0 
6436.060474360174  1.0 
6437.635682315033  1.0 
6439.21089026989  1.0 
6440.7860982247485  1.0 
6442.361306179606  1.0 
6443.936514134464  1.0 
6445.511722089323  1.0 
6447.086930044181  1.0 
6448.662137999038  1.0 
6450.237345953897  1.0 
6451.812553908754  1.0 
6453.3877618636125  1.0 
6454.962969818471  1.0 
6456.538177773328  1.0 
6458.113385728187  1.0 
6459.688593683044  1.0 
6461.263801637902  1.0 
6462.839009592761  1.0 
6464.414217547618  1.0 
6465.9894255024765  1.0 
6467.564633457334  1.0 
6469.139841412192  1.0 
6470.715049367051  1.0 
6472.290257321909  1.0 
6473.865465276766  1.0 
6475.440673231625  1.0 
6477.015881186482  1.0 
6478.5910891413405  1.0 
6480.166297096199  1.0 
6481.741505051056  1.0 
6483.316713005915  1.0 
6484.891920960772  1.0 
6486.46712891563  1.0 
6488.042336870489  1.0 
6489.617544825346  1.0 
6491.1927527802045  1.0 
6492.767960735062  1.0 
6494.34316868992  1.0 
6495.918376644779  1.0 
6497.493584599636  1.0 
6499.068792554494  1.0 
6500.644000509352  1.0 
6502.21920846421  1.0 
6503.7944164190685  1.0 
6505.369624373927  1.0 
6506.944832328784  1.0 
6508.520040283643  1.0 
6510.0952482385  1.0 
6511.670456193358  1.0 
6513.245664148217  1.0 
6514.820872103074  1.0 
6516.3960800579325  1.0 
6517.97128801279  1.0 
6519.546495967648  1.0 
6521.121703922507  1.0 
6522.696911877364  1.0 
6524.272119832222  1.0 
6525.84732778708  1.0 
6527.422535741938  1.0 
6528.9977436967965  1.0 
6530.572951651655  1.0 
6532.148159606512  1.0 
6533.723367561371  1.0 
6535.298575516228  1.0 
6536.873783471086  1.0 
6538.448991425945  1.0 
6540.024199380802  1.0 
6541.5994073356605  1.0 
6543.174615290518  1.0 
6544.749823245376  1.0 
6546.325031200235  1.0 
6547.900239155092  1.0 
6549.47544710995  1.0 
6551.050655064808  1.0 
6552.625863019666  1.0 
6554.201070974525  1.0 
6555.776278929383  1.0 
6557.35148688424  1.0 
6558.926694839099  1.0 
6560.501902793956  1.0 
6562.077110748814  1.0 
6563.652318703673  1.0 
6565.22752665853  1.0 
6566.802734613389  1.0 
6568.377942568246  1.0 
6569.953150523104  1.0 
6571.528358477963  1.0 
6573.10356643282  1.0 
6574.6787743876785  1.0 
6576.253982342536  1.0 
6577.829190297394  1.0 
6579.404398252253  1.0 
6580.979606207111  1.0 
6582.554814161968  1.0 
6584.130022116827  1.0 
6585.705230071684  1.0 
6587.2804380265425  1.0 
6588.855645981401  1.0 
6590.430853936258  1.0 
6592.006061891117  1.0 
6593.581269845974  1.0 
6595.156477800832  1.0 
6596.731685755691  1.0 
6598.306893710548  1.0 
6599.8821016654065  1.0 
6601.457309620264  1.0 
6603.032517575122  1.0 
6604.607725529981  1.0 
6606.182933484839  1.0 
6607.758141439696  1.0 
6609.333349394555  1.0 
6610.908557349412  1.0 
6612.4837653042705  1.0 
6614.058973259129  1.0 
6615.634181213986  1.0 
6617.209389168845  1.0 
6618.784597123702  1.0 
6620.35980507856  1.0 
6621.935013033419  1.0 
6623.510220988276  1.0 
6625.0854289431345  1.0 
6626.660636897992  1.0 
6628.23584485285  1.0 
6629.811052807709  1.0 
6631.386260762566  1.0 
6632.961468717424  1.0 
6634.536676672282  1.0 
6636.11188462714  1.0 
6637.6870925819985  1.0 
6639.262300536857  1.0 
6640.837508491714  1.0 
6642.412716446573  1.0 
6643.98792440143  1.0 
6645.563132356288  1.0 
6647.138340311147  1.0 
6648.713548266004  1.0 
6650.2887562208625  1.0 
6651.86396417572  1.0 
6653.439172130578  1.0 
6655.014380085437  1.0 
6656.589588040294  1.0 
6658.164795995152  1.0 
6659.74000395001  1.0 
6661.315211904868  1.0 
6662.8904198597265  1.0 
6664.465627814585  1.0 
6666.040835769442  1.0 
6667.616043724301  1.0 
6669.191251679158  1.0 
6670.766459634016  1.0 
6672.341667588875  1.0 
6673.916875543732  1.0 
6675.492083498591  1.0 
6677.067291453448  1.0 
6678.642499408306  1.0 
6680.217707363165  1.0 
6681.792915318022  1.0 
6683.36812327288  1.0 
6684.943331227738  1.0 
6686.518539182596  1.0 
6688.093747137455  1.0 
6689.668955092312  1.0 
6691.24416304717  1.0 
6692.819371002029  1.0 
6694.394578956886  1.0 
6695.969786911744  1.0 
6697.544994866603  1.0 
6699.12020282146  1.0 
6700.695410776319  1.0 
6702.270618731176  1.0 
6703.845826686034  1.0 
6705.421034640893  1.0 
6706.99624259575  1.0 
6708.5714505506085  1.0 
6710.146658505466  1.0 
6711.721866460324  1.0 
6713.297074415183  1.0 
6714.87228237004  1.0 
6716.447490324898  1.0 
6718.022698279757  1.0 
6719.597906234614  1.0 
6721.1731141894725  1.0 
6722.748322144331  1.0 
6724.323530099188  1.0 
6725.898738054047  1.0 
6727.473946008904  1.0 
6729.049153963762  1.0 
6730.624361918621  1.0 
6732.199569873478  1.0 
6733.7747778283365  1.0 
6735.349985783194  1.0 
6736.925193738052  1.0 
6738.500401692911  1.0 
6740.075609647768  1.0 
6741.650817602626  1.0 
6743.226025557485  1.0 
6744.801233512342  1.0 
6746.3764414672005  1.0 
6747.951649422059  1.0 
6749.526857376916  1.0 
6751.102065331775  1.0 
6752.677273286632  1.0 
6754.25248124149  1.0 
6755.827689196349  1.0 
6757.402897151206  1.0 
6758.9781051060645  1.0 
6760.553313060922  1.0 
6762.12852101578  1.0 
6763.703728970639  1.0 
6765.278936925496  1.0 
6766.854144880354  1.0 
6768.429352835213  1.0 
6770.00456079007  1.0 
6771.5797687449285  1.0 
6773.154976699787  1.0 
6774.730184654644  1.0 
6776.305392609503  1.0 
6777.88060056436  1.0 
6779.455808519218  1.0 
6781.031016474077  1.0 
6782.606224428934  1.0 
6784.1814323837925  1.0 
6785.75664033865  1.0 
6787.331848293508  1.0 
6788.907056248367  1.0 
6790.482264203224  1.0 
6792.057472158082  1.0 
6793.632680112941  1.0 
6795.207888067798  1.0 
6796.7830960226565  1.0 
6798.358303977515  1.0 
6799.933511932372  1.0 
6801.508719887231  1.0 
6803.083927842088  1.0 
6804.659135796946  1.0 
6806.234343751805  1.0 
6807.809551706662  1.0 
6809.384759661521  1.0 
6810.959967616378  1.0 
6812.535175571236  1.0 
6814.110383526095  1.0 
6815.685591480952  1.0 
6817.26079943581  1.0 
6818.836007390668  1.0 
6820.411215345526  1.0 
6821.986423300385  1.0 
6823.561631255242  1.0 
6825.1368392101  1.0 
6826.712047164959  1.0 
6828.287255119816  1.0 
6829.862463074674  1.0 
6831.437671029533  1.0011807385887714 
6833.01287898439  1.0017583124198912 
6834.588086939249  1.002890970201917 
6836.163294894106  0.9991734919094711 
6837.738502848964  0.9992535784458171 
6839.313710803823  1.0013812993370137 
6840.88891875868  1.0020178532394912 
6842.4641267135385  1.0037058029012262 
6844.039334668396  0.9986188999698044 
6845.614542623254  1.0016937599342055 
6847.189750578113  1.001947964541086 
6848.76495853297  1.0022749017371657 
6850.340166487828  1.0020400404488303 
6851.915374442687  0.9998190125438758 
6853.490582397544  1.0033636478138568 
6855.0657903524025  1.0050223547182577 
6856.640998307261  1.0013842699368782 
6858.216206262118  1.0001805048504122 
6859.791414216977  1.0034404046639924 
6861.366622171834  0.9991363519907218 
6862.941830126692  1.007344086026041 
6864.517038081551  1.0398597892554635 
6866.092246036408  1.1355051340516489 
6867.6674539912665  1.2999696258381885 
6869.242661946124  1.4171371229169003 
6870.817869900982  1.4178478168206714 
6872.393077855841  1.360434629438998 
6873.968285810698  1.3013969873417748 
6875.543493765556  1.2450762515860843 
6877.118701720415  1.1914654715872974 
6878.693909675272  1.134480005433528 
6880.2691176301305  1.0837658374452135 
6881.844325584989  1.0560286287219562 
6883.419533539846  1.0650314132195573 
6884.994741494705  1.0966601869613448 
6886.569949449562  1.121311196429208 
6888.14515740442  1.1379535371135978 
6889.720365359279  1.1409524353452132 
6891.295573314136  1.1359235936611152 
6892.8707812689945  1.1326542899899055 
6894.445989223852  1.1294706712081926 
6896.02119717871  1.1239610100937034 
6897.596405133569  1.1149225241935157 
6899.171613088426  1.1072177880345713 
6900.746821043284  1.1044353608612612 
6902.322028998143  1.0920109314109712 
6903.897236953  1.0877550084064462 
6905.4724449078585  1.0828793086270836 
6907.047652862717  1.0729886807326776 
6908.622860817574  1.0715350701117796 
6910.198068772433  1.0634072381903161 
6911.77327672729  1.0552314791435728 
6913.348484682148  1.0528410183726409 
6914.923692637007  1.046356782529236 
6916.498900591864  1.0412189736392032 
6918.0741085467225  1.0420698524765486 
6919.64931650158  1.0368604448945933 
6921.224524456438  1.0337527195968446 
6922.799732411297  1.0326829567818638 
6924.374940366154  1.0299735914214307 
6925.950148321012  1.0229526954756827 
6927.525356275871  1.0258673003881746 
6929.100564230728  1.032847070420341 
6930.6757721855865  1.0271869632636506 
6932.250980140445  1.0226212128866563 
6933.826188095302  1.0230470816980888 
6935.401396050161  1.0227472268263285 
6936.976604005018  1.021226433721578 
6938.551811959876  1.0283278636149586 
6940.127019914735  1.0379915981401242 
6941.702227869592  1.0340332688639227 
6943.277435824451  1.0256321698434543 
6944.852643779308  1.0175623347526728 
6946.427851734166  1.017189115850823 
6948.003059689025  1.0217361381828238 
6949.578267643882  1.019280558070001 
6951.15347559874  1.0110374252334076 
6952.728683553598  1.0135107851999339 
6954.303891508456  1.0162073681368244 
6955.879099463315  1.0208902382707634 
6957.454307418172  1.019678771940821 
6959.02951537303  1.0176927425052584 
6960.604723327889  1.0183396817412342 
6962.179931282746  1.0113738678170991 
6963.755139237604  1.005338021904132 
6965.330347192463  1.006031249213319 
6966.90555514732  1.0007941977941466 
6968.480763102179  0.9986262135608971 
6970.055971057036  0.9983082374265553 
6971.631179011894  0.9966241892953227 
6973.206386966753  0.9979817614383485 
6974.78159492161  0.9965963050280001 
6976.3568028764685  0.9985885307204241 
6977.932010831326  1.0001748341712569 
6979.507218786184  0.9983568085809797 
6981.082426741043  0.9969137826545373 
6982.6576346959  0.998306637661313 
6984.232842650758  1.0019877438546798 
6985.808050605617  1.0064914614058493 
6987.383258560474  1.0129739511225853 
6988.9584665153325  1.0160944802005925 
6990.533674470191  1.0121305283580304 
6992.108882425048  1.0133092642380932 
6993.684090379907  1.0126068623265407 
6995.259298334764  1.0085586971483222 
6996.834506289622  1.0065150636678146 
6998.409714244481  1.009590107130069 
6999.984922199338  1.009356040234607 
7001.5601301541965  1.0070642673696197 
7003.135338109054  1.010181925073057 
7004.710546063912  1.012331200894018 
7006.285754018771  1.0080895430124712 
7007.860961973628  1.0071029715958513 
7009.436169928486  1.0046419813771845 
7011.011377883345  1.0042069844837895 
7012.586585838202  1.0052364581995816 
7014.1617937930605  1.0064589890988538 
7015.737001747919  1.0084539042702976 
7017.312209702776  1.0069855761849167 
7018.887417657635  1.0036057514491838 
7020.462625612492  1.0019050783582533 
7022.03783356735  1.0009100795083807 
7023.613041522209  1.0076062577256302 
7025.188249477066  1.0104182192670164 
7026.7634574319245  1.013706378286115 
7028.338665386782  1.008739179699077 
7029.91387334164  1.0015650266785916 
7031.489081296499  0.9962119035038902 
7033.064289251356  0.9952799117791701 
7034.639497206214  0.9929601184469538 
7036.214705161073  0.9989280350642744 
7037.78991311593  1.008895504542905 
7039.3651210707885  1.0084475702102322 
7040.940329025647  1.0034837647438384 
7042.515536980504  0.9985631882114544 
7044.090744935363  0.9944413819658898 
7045.66595289022  0.9980769992036757 
7047.241160845078  1.0005896928184812 
7048.816368799937  0.9976515785214418 
7050.391576754794  1.0022015172083611 
7051.9667847096525  1.0046385083574982 
7053.54199266451  1.0048978169091296 
7055.117200619368  1.000771702664575 
7056.692408574227  1.0005651213445723 
7058.267616529084  1.0008786834108236 
7059.842824483942  0.9990484394840392 
7061.418032438801  1.0002766128707359 
7062.993240393658  0.9968880922997557 
7064.5684483485165  0.9993562075626718 
7066.143656303375  0.9996307909156527 
7067.718864258232  0.9979368069068415 
7069.294072213091  0.9964438750512097 
7070.869280167948  0.9944089933633322 
7072.444488122806  0.9938529783826495 
7074.019696077665  0.9994062971471157 
7075.594904032522  0.9994951817391259 
7077.170111987381  1.0009171976658384 
7078.745319942238  1.0027174647301198 
7080.320527897096  0.9996039449093619 
7081.895735851955  0.9978120520963327 
7083.470943806812  0.9946426959293879 
7085.04615176167  0.9950410605295703 
7086.621359716528  0.9984105946046463 
7088.196567671386  0.9991442714989098 
7089.771775626245  0.9975009349414744 
7091.346983581102  0.9941769145627826 
7092.92219153596  0.9967423541644619 
7094.497399490819  0.9939256408881494 
7096.072607445676  0.9940651023218073 
7097.6478154005345  0.992019627681998 
7099.223023355393  0.9941825964747862 
7100.79823131025  0.9988043540067494 
7102.373439265109  0.9969499842851275 
7103.948647219966  0.9931291049646609 
7105.523855174824  0.9932548589684036 
7107.099063129683  0.9959055892332368 
7108.67427108454  0.9986628658600267 
7110.2494790393985  0.9975846801441881 
7111.824686994256  0.9946516811066833 
7113.399894949114  0.992677599773267 
7114.975102903973  0.9947379422681244 
7116.55031085883  0.994230031884999 
7118.125518813688  0.9930796902261078 
7119.700726768547  0.994806019876958 
7121.275934723404  0.9963115595709147 
7122.8511426782625  0.9960699671349085 
7124.426350633121  0.9949747951427037 
7126.001558587978  0.9935813614490842 
7127.576766542837  0.9953175175073367 
7129.151974497694  0.9955283462469718 
7130.727182452552  0.9940325846400488 
7132.302390407411  0.9959215666529914 
7133.877598362268  0.9969511193463251 
7135.4528063171265  0.9941761458196938 
7137.028014271984  0.9937024751860466 
7138.603222226842  0.9954395672220943 
7140.178430181701  0.9968442448430517 
7141.753638136558  0.9972371279932559 
7143.328846091416  0.9961347425680912 
7144.904054046275  0.9967791775071702 
7146.479262001132  0.998942396082111 
7148.0544699559905  1.0000672942881563 
7149.629677910849  1.002820911843291 
7151.204885865706  1.0034750325180548 
7152.780093820565  1.004782425383059 
7154.355301775422  1.0033530358504745 
7155.93050973028  1.0030646093845108 
7157.505717685139  1.0050753929651355 
7159.080925639996  1.0039213046967552 
7160.6561335948545  1.0041881037165938 
7162.231341549712  1.0106999932075762 
7163.80654950457  1.0164449234201325 
7165.381757459429  1.027251209340537 
7166.956965414286  1.0409491011549799 
7168.532173369144  1.0527305511291754 
7170.107381324003  1.0645860733722432 
7171.68258927886  1.072199710775849 
7173.2577972337185  1.078856194374985 
7174.833005188577  1.0812082849653124 
7176.408213143434  1.0852384770239945 
7177.983421098293  1.0803431419652163 
7179.55862905315  1.068309430903249 
7181.133837008008  1.070533907328855 
7182.709044962867  1.0950962724612916 
7184.284252917724  1.132083910942229 
7185.8594608725825  1.1524381983574452 
7187.43466882744  1.1331933328925532 
7189.009876782298  1.0985336520355882 
7190.585084737157  1.0972833928716845 
7192.160292692014  1.1158635928408467 
7193.735500646872  1.1129816233316567 
7195.310708601731  1.0903433926918893 
7196.885916556588  1.0815850616758165 
7198.4611245114465  1.0939059106231583 
7200.036332466304  1.111882517583816 
7201.611540421162  1.115647975067457 
7203.186748376021  1.1038901686959353 
7204.761956330878  1.0983534091591616 
7206.337164285736  1.083790344546833 
7207.912372240595  1.0616559490291628 
7209.487580195452  1.043534923142341 
7211.062788150311  1.0282210287705495 
7212.637996105168  1.0136005595175974 
7214.213204060026  1.012228845912194 
7215.788412014885  1.0194397609075323 
7217.363619969742  1.0245997231460249 
7218.9388279246  1.0194361719277232 
7220.514035879459  1.0165364037772888 
7222.089243834316  1.0233964026437932 
7223.664451789175  1.0318415421363953 
7225.239659744032  1.0355361808575974 
7226.81486769889  1.0333571117821345 
7228.390075653749  1.0296459932725266 
7229.965283608606  1.0364066933155582 
7231.5404915634645  1.0685917730686656 
7233.115699518323  1.1071043457838217 
7234.69090747318  1.1182726744131988 
7236.266115428039  1.0902630360557497 
7237.841323382896  1.0691341680772646 
7239.416531337754  1.0765086424842463 
7240.991739292613  1.0937456539343093 
7242.56694724747  1.0917527725985008 
7244.1421552023285  1.0857887373892563 
7245.717363157187  1.0696472950012004 
7247.292571112044  1.0545019812293037 
7248.867779066903  1.0482180910097587 
7250.44298702176  1.0687695383260785 
7252.018194976618  1.096698914071194 
7253.593402931477  1.0952484260467388 
7255.168610886334  1.0721941405447686 
7256.7438188411925  1.0539764713809436 
7258.319026796051  1.0475207787564997 
7259.894234750908  1.0471152738927418 
7261.469442705767  1.053028210014032 
7263.044650660624  1.0746286262907698 
7264.619858615482  1.0842147724472546 
7266.195066570341  1.0719182339546185 
7267.770274525198  1.0522554392717132 
7269.3454824800565  1.0389011107525847 
7270.920690434914  1.0460141249050203 
7272.495898389772  1.0654513638602594 
7274.071106344631  1.0881045739199038 
7275.646314299488  1.1035088009921612 
7277.221522254346  1.1054070683391932 
7278.796730209205  1.0730994531603884 
7280.371938164062  1.0442664140163176 
7281.9471461189205  1.0320847469059786 
7283.522354073779  1.0246280385028435 
7285.097562028636  1.0273999904616238 
7286.672769983495  1.0496901733518578 
7288.247977938352  1.0764714301821376 
7289.82318589321  1.0902249438539846 
7291.398393848069  1.0849677311641641 
7292.973601802926  1.0689236005805316 
7294.5488097577845  1.0529158109649497 
7296.124017712642  1.0403910088388104 
7297.6992256675  1.034008195892311 
7299.274433622359  1.038945644570686 
7300.849641577216  1.057426625302988 
7302.424849532074  1.0763151480476059 
7304.000057486933  1.076298283747571 
7305.57526544179  1.056572244762777 
7307.1504733966485  1.0467367351630195 
7308.725681351507  1.0492668734135033 
7310.300889306364  1.0553222915501532 
7311.876097261223  1.0524676071672976 
7313.45130521608  1.0418103609254346 
7315.026513170938  1.0429565505552236 
7316.601721125797  1.0507067292705148 
7318.176929080654  1.0518440844675074 
7319.7521370355125  1.039234817505433 
7321.32734499037  1.0253040303558612 
7322.902552945228  1.020865843723461 
7324.477760900087  1.026097581955998 
7326.052968854944  1.0245916646412743 
7327.628176809802  1.0213401012150443 
7329.203384764661  1.021003949816941 
7330.778592719518  1.0226928843188727 
7332.3538006743765  1.0262689227731139 
7333.929008629234  1.0334146620360238 
7335.504216584092  1.0282677223487646 
7337.079424538951  1.018566292890736 
7338.654632493808  1.0134116873833903 
7340.229840448666  1.010143876147465 
7341.805048403525  1.0130578552575213 
7343.380256358382  1.0178369894670218 
7344.955464313241  1.0169236269863575 
7346.530672268098  1.017722902103639 
7348.105880222956  1.022769325496159 
7349.681088177815  1.0247566918485527 
7351.256296132672  1.0177406284380217 
7352.83150408753  1.0136061958924032 
7354.406712042389  1.014267642697131 
7355.981919997246  1.0145661186672412 
7357.557127952105  1.0172621742321266 
7359.132335906962  1.0193732446609265 
7360.70754386182  1.0195754462717204 
7362.282751816679  1.018940121606806 
7363.857959771536  1.0218047823908556 
7365.4331677263945  1.0196142136621058 
7367.008375681253  1.0173429432902668 
7368.58358363611  1.016969178081117 
7370.158791590969  1.0184547007539186 
7371.733999545826  1.0144734322319675 
7373.309207500684  1.0140629727811996 
7374.884415455543  1.0112053296601158 
7376.4596234104  1.0113640059975053 
7378.0348313652585  1.0124489811781392 
7379.610039320117  1.012447181608614 
7381.185247274974  1.0161483412716177 
7382.760455229833  1.0180456203642692 
7384.33566318469  1.0158452875702997 
7385.910871139548  1.0128398075383342 
7387.486079094407  1.0129888526688502 
7389.061287049264  1.0126259219223814 
7390.6364950041225  1.0136599179161934 
7392.211702958981  1.0147924317444488 
7393.786910913838  1.0137614494541622 
7395.362118868697  1.0143249564938646 
7396.937326823554  1.0141448940098583 
7398.512534778412  1.010733775737951 
7400.087742733271  1.0090541373417414 
7401.662950688128  1.0092423693259842 
7403.2381586429865  1.0084214103465106 
7404.813366597844  1.0067517819971081 
7406.388574552702  1.0059155479739834 
7407.963782507561  1.005570166589419 
7409.538990462418  1.0085542633707398 
7411.114198417276  1.009069563453022 
7412.689406372135  1.0096396175420954 
7414.264614326992  1.0092113969834706 
7415.8398222818505  1.0105333242963643 
7417.415030236709  1.011722768853297 
7418.990238191566  1.0080594273452745 
7420.565446146425  1.008513918962471 
7422.140654101282  1.0106414294256174 
7423.71586205614  1.00805547420777 
7425.291070010999  1.0066646019233212 
7426.866277965856  1.0080672778487887 
7428.4414859207145  1.0068544328107494 
7430.016693875572  1.0057883244423766 
7431.59190183043  1.0079119831825005 
7433.167109785289  1.0048982812578118 
7434.742317740146  1.0080049225834609 
7436.317525695004  1.0076304939267187 
7437.892733649863  1.0063625596975025 
7439.46794160472  1.0032315520920305 
7441.0431495595785  1.0050148651271855 
7442.618357514436  1.005826891448114 
7444.193565469294  1.0048364336156779 
7445.768773424153  1.004427523427779 
7447.34398137901  1.0060314071262582 
7448.919189333868  1.0057862756978544 
7450.494397288727  1.0040202511340695 
7452.069605243584  1.0073143068682358 
7453.6448131984425  1.0069396557902008 
7455.2200211533  1.0048677319142558 
7456.795229108158  1.0057058730552824 
7458.370437063017  1.005364266001761 
7459.945645017874  1.006981837408402 
7461.520852972732  1.0071185829145113 
7463.096060927591  1.0017619869980838 
7464.671268882448  1.0042475387239567 
7466.246476837307  1.0037096270654455 
7467.821684792164  1.0030587074599426 
7469.396892747022  1.0084378668287242 
7470.972100701881  1.0052826704746252 
7472.547308656738  1.0033559062064996 
7474.122516611596  1.0079163627630192 
7475.697724566455  1.0034466343892205 
7477.272932521312  1.0062921008629244 
7478.848140476171  1.0075240667647898 
7480.423348431028  1.0047792325139058 
7481.998556385886  1.0028566930722014 
7483.573764340745  1.0006857931704676 
7485.148972295602  1.0010990944136424 
7486.72418025046  1.0054644023419586 
7488.299388205319  1.0064397850251436 
7489.874596160176  1.0068169639825006 
7491.449804115035  1.0054194801089948 
7493.025012069892  1.0059513695597389 
7494.60022002475  1.00796332169308 
7496.175427979609  1.004391264747817 
7497.750635934466  1.003804842133646 
7499.3258438893245  1.0053777420440577 
7500.901051844183  1.006713383463891 
7502.47625979904  1.0055904327516156 
7504.051467753899  1.00716391872756 
7505.626675708756  1.0054886952046793 
7507.201883663614  1.0034264310754506 
7508.777091618473  1.00236972370833 
7510.35229957333  1.0075160069462954 
7511.9275075281885  1.0077764745007896 
7513.502715483047  1.0034102893336108 
7515.077923437904  1.0029795249933624 
7516.653131392763  1.0050380077983476 
7518.22833934762  1.004246665103329 
7519.803547302478  1.006003659627807 
7521.378755257337  1.0058956781025903 
7522.953963212194  1.001250064084669 
7524.5291711670525  1.0013135889114093 
7526.104379121911  0.9991367117167133 
7527.679587076768  0.9997427959695413 
7529.254795031627  1.0038826489610682 
7530.830002986484  1.0050836085351913 
7532.405210941342  1.0031856120851697 
7533.980418896201  1.0035288360854373 
7535.555626851058  1.0032653762123065 
7537.1308348059165  1.0044801026305807 
7538.706042760775  1.0062265641962271 
7540.281250715632  1.0056528823152764 
7541.856458670491  1.002884115847017 
7543.431666625348  1.002084792150609 
7545.006874580206  1.0054618941796394 
7546.582082535065  1.0033102382159513 
7548.157290489922  1.0046902886173406 
7549.7324984447805  1.0058989706252683 
7551.307706399639  1.0046646071122904 
7552.882914354496  1.0067122851656438 
7554.458122309355  1.0070776299811526 
7556.033330264212  1.0071496776801678 
7557.60853821907  1.0086147559704133 
7559.183746173929  1.0063282406354395 
7560.758954128786  1.005135950702349 
7562.3341620836445  1.0044946245070006 
7563.909370038502  1.0081931608766819 
7565.48457799336  1.0042549909444125 
7567.059785948219  1.0023381855494178 
7568.634993903076  1.0067950968238741 
7570.210201857934  1.0047503368198032 
7571.785409812793  1.0060725618032218 
7573.36061776765  1.0025627528519632 
7574.9358257225085  1.0021699842775227 
7576.511033677366  1.003342353079464 
7578.086241632224  1.0030700053760702 
7579.661449587083  1.0040176266189889 
7581.23665754194  1.005908852708957 
7582.811865496798  1.0060555418724761 
7584.387073451657  1.0034644204835543 
7585.962281406514  1.0056074246141489 
7587.5374893613725  1.0055850553222703 
7589.11269731623  1.0121227921090388 
7590.687905271088  1.0408117197289914 
7592.263113225947  1.1528796364318268 
7593.838321180804  1.4340879199970913 
7595.413529135662  1.897413855041679 
7596.988737090521  2.327797028166328 
7598.563945045378  2.634272627426236 
7600.139153000237  3.0320590407043846 
7601.714360955094  3.51881901126959 
7603.289568909952  3.8741356441849395 
7604.864776864811  3.9284312526861678 
7606.439984819668  3.764249030529627 
7608.015192774526  3.453564043508552 
7609.590400729385  3.061313344524968 
7611.165608684242  2.6444740425211624 
7612.740816639101  2.246668858391386 
7614.316024593958  1.8718701225767356 
7615.891232548816  1.5199469957862932 
7617.466440503675  1.281933974965952 
7619.041648458532  1.2302820542812412 
7620.61685641339  1.351252757783469 
7622.192064368249  1.5740990972666766 
7623.767272323106  1.7657747612570036 
7625.342480277965  1.8703564168469407 
7626.917688232822  1.9212941653861504 
7628.49289618768  1.9247677780517152 
7630.068104142539  1.9260536700348356 
7631.643312097396  1.9127435794271324 
7633.2185200522545  1.8540662412619824 
7634.793728007113  1.8358093284836006 
7636.36893596197  1.7855569029021938 
7637.944143916829  1.7109154104831834 
7639.519351871686  1.707217192296409 
7641.094559826544  1.6414739219913632 
7642.669767781403  1.5610625023938072 
7644.24497573626  1.5655587989473057 
7645.8201836911185  1.4988185419426312 
7647.395391645977  1.4197646565604969 
7648.970599600834  1.4238360140272626 
7650.545807555693  1.3780841909445753 
7652.12101551055  1.3078297242913905 
7653.696223465408  1.309642196130925 
7655.271431420267  1.2881590991836696 
7656.846639375124  1.2192133409311896 
7658.4218473299825  1.2092399163207794 
7659.997055284841  1.2154478427381157 
7661.572263239698  1.165661980882746 
7663.147471194557  1.1347803942589305 
7664.722679149414  1.1536723472221906 
7666.297887104272  1.1399097973017087 
7667.873095059131  1.096186958020705 
7669.448303013988  1.094312338808871 
7671.0235109688465  1.1071660426455618 
7672.598718923705  1.0850030705484799 
7674.173926878562  1.0583789079632453 
7675.749134833421  1.0609176900310682 
7677.324342788278  1.0691288570602517 
7678.899550743136  1.0447940407181826 
7680.474758697995  1.028560705109842 
7682.049966652852  1.0375454809961275 
7683.6251746077105  1.0446986411152048 
7685.200382562569  1.0267277132663828 
7686.775590517426  1.0180051650691442 
7688.350798472285  1.0274719880320915 
7689.926006427142  1.0314175015234033 
7691.501214382  1.0206179751649886 
7693.076422336859  1.0131457590707325 
7694.651630291716  1.0124268691866483 
7696.2268382465745  1.0147820618404664 
7697.802046201432  1.0100906294005452 
7699.37725415629  1.0006412644628542 
7700.952462111149  0.9997771495928229 
7702.527670066006  1.0034494626248136 
7704.102878020864  1.0036581922484722 
7705.678085975723  0.9989540374224299 
7707.25329393058  0.9966609655748006 
7708.8285018854385  1.000426654017412 
7710.403709840296  1.0016638595588345 
7711.978917795154  0.9970400988203275 
7713.554125750013  0.9942087880987749 
7715.12933370487  0.9922488102298649 
7716.704541659728  0.9885713566281312 
7718.279749614587  0.9927667761384712 
7719.854957569444  0.9943606075363977 
7721.4301655243025  0.9933783936550682 
7723.00537347916  0.9953396949734664 
7724.580581434018  0.9943122264912757 
7726.155789388877  0.9929822485323042 
7727.730997343734  0.9945452181268647 
7729.306205298592  0.9937497150226239 
7730.881413253451  0.9973629340490641 
7732.456621208308  0.9962206806083017 
7734.031829163167  0.999045880603704 
7735.607037118024  0.9970599050202419 
7737.182245072882  0.9959016589358745 
7738.757453027741  0.9931465761294851 
7740.332660982598  0.9922982853476346 
7741.907868937456  0.9917924703438117 
7743.483076892315  0.9913098722124624 
7745.058284847172  0.995789094305291 
7746.633492802031  0.9963455696216019 
7748.208700756888  0.995672368643486 
7749.783908711746  0.9854083505420479 
7751.359116666605  0.9887536299265223 
7752.934324621462  0.9889667249412105 
7754.50953257632  0.9903990659620812 
7756.084740531179  0.991154719330905 
7757.659948486036  0.9919254803500437 
7759.235156440895  0.9917151970646394 
7760.810364395752  0.9923005898091649 
7762.38557235061  0.9956842266717542 
7763.960780305469  0.9941810084099908 
7765.535988260326  0.9932658559282301 
7767.1111962151845  0.9950293498378866 
7768.686404170043  0.9966231366051758 
7770.2616121249  0.9944014268296095 
7771.836820079759  0.9926447577999788 
7773.412028034616  0.9927544530923388 
7774.987235989474  0.9918435500085647 
7776.562443944333  0.9943643169445234 
7778.13765189919  0.995304295360196 
7779.7128598540485  0.9932220475780106 
7781.288067808907  0.9900477649083862 
7782.863275763764  0.9929618288364311 
7784.438483718623  0.992161656565125 
7786.01369167348  0.9972103324514948 
7787.588899628338  0.9961132776365286 
7789.164107583197  0.9934967923555011 
7790.739315538054  0.993255352898597 
7792.3145234929125  0.9905894252816999 
7793.889731447771  0.9872259295204477 
7795.464939402628  0.9866030413303432 
7797.040147357487  0.9948953514998872 
7798.615355312344  0.9958274410371326 
7800.190563267202  0.99452293070795 
7801.765771222061  0.9942669341742203 
7803.340979176918  0.9947442598492077 
7804.9161871317765  0.995759135423196 
7806.491395086635  0.995355695725446 
7808.066603041492  0.9957861885827107 
7809.641810996351  0.9941766235404988 
7811.217018951208  0.9934433032073059 
7812.792226906066  0.9948308342745177 
7814.367434860925  0.9947633159163227 
7815.942642815782  0.9925238971940389 
7817.5178507706405  0.9940345213261466 
7819.093058725499  0.9934156734144476 
7820.668266680356  0.9898758791920744 
7822.243474635215  0.9895193020069184 
7823.818682590072  0.990611973698982 
7825.39389054493  0.9915706722808179 
7826.969098499789  0.9943722002064805 
7828.544306454646  0.9962033788142821 
7830.1195144095045  0.9938926222643628 
7831.694722364362  0.9914496201247319 
7833.26993031922  0.9921887194722839 
7834.845138274079  0.9919755305667078 
7836.420346228936  0.9911643561969956 
7837.995554183794  0.9936028171414036 
7839.570762138653  0.9884203248704742 
7841.14597009351  0.990651496185745 
7842.7211780483685  0.9931634187008949 
7844.296386003226  0.9928328749590227 
7845.871593958084  0.9975766122814659 
7847.446801912943  0.996337429722239 
7849.0220098678  0.9918699052227289 
7850.597217822658  0.991718417578079 
7852.172425777517  0.9878396777723052 
7853.747633732374  0.9873119568099691 
7855.3228416872325  0.9903629892943331 
7856.89804964209  0.9982772524145993 
7858.473257596948  0.9975307158787532 
7860.048465551807  0.9948661623846093 
7861.623673506664  0.9964940398215999 
7863.198881461522  0.9962379961194409 
7864.774089416381  0.9991340793179313 
7866.349297371238  0.9982177070305815 
7867.924505326097  0.9965482533462904 
7869.499713280954  0.9924261859480659 
7871.074921235812  0.9891497241149136 
7872.650129190671  0.994467060430701 
7874.225337145528  0.9999610152729645 
7875.800545100386  1.000611692319865 
7877.375753055245  0.9998369743390173 
7878.950961010102  0.9926518936218944 
7880.526168964961  0.9953116687038376 
7882.101376919818  0.9962070559777935 
7883.676584874676  0.9964030348651874 
7885.251792829535  0.999384626447254 
7886.827000784392  0.9962985161580509 
7888.40220873925  0.9964185393660617 
7889.977416694109  0.997691248630981 
7891.552624648966  1.0043838112905743 
7893.127832603825  1.004132316056447 
7894.703040558682  1.004748690376377 
7896.27824851354  1.001593032871972 
7897.853456468399  0.9998564254136585 
7899.428664423256  1.0007996512684443 
7901.0038723781145  1.0056429631974901 
7902.579080332973  1.0075736995048936 
7904.15428828783  1.0040520550193308 
7905.729496242689  0.9973594421770987 
7907.304704197546  1.0012690299972309 
7908.879912152404  1.006066776452182 
7910.455120107263  1.0022058155432114 
7912.03032806212  0.9930814695176051 
7913.6055360169785  0.9942819174591673 
7915.180743971837  0.9978231823544095 
7916.755951926694  1.0038609048805196 
7918.331159881553  1.0060495676505354 
7919.90636783641  1.0011933524024592 
7921.481575791268  0.9959633868596903 
7923.056783746127  0.995631992070347 
7924.631991700984  0.9967945207403391 
7926.2071996558425  0.9969751781706253 
7927.782407610701  1.0034983602932848 
7929.357615565558  1.0033314400537803 
7930.932823520417  0.9955010859360197 
7932.508031475274  0.9962432078642711 
7934.083239430132  0.9961101161993103 
7935.658447384991  0.9955912702464318 
7937.233655339848  0.9903070526103559 
7938.8088632947065  0.9916752980717731 
7940.384071249565  0.9952379177706518 
7941.959279204422  0.9953075601101941 
7943.534487159281  0.9974881133927597 
7945.109695114138  0.9962086195255485 
7946.684903068996  0.9968475215955158 
7948.260111023855  0.9951094405896116 
7949.835318978712  0.9984467850108724 
7951.4105269335705  0.9951381559623709 
7952.985734888429  0.9954215100352385 
7954.560942843286  0.9945099285683517 
7956.136150798145  1.0023582993744848 
7957.711358753002  1.0053886401569083 
7959.28656670786  1.012701068512105 
7960.861774662719  1.0191143965913259 
7962.436982617576  1.015645949509315 
7964.0121905724345  1.0104142943620043 
7965.587398527292  1.005042014170416 
7967.16260648215  1.0041890492954335 
7968.737814437009  1.0029784419727585 
7970.313022391866  1.004271242563988 
7971.888230346724  1.0052996517865986 
7973.463438301583  1.002238700959902 
7975.03864625644  0.999663921216287 
7976.6138542112985  0.999482809740647 
7978.189062166157  0.9917289659461428 
7979.764270121014  0.9896712798956724 
7981.339478075873  0.9934464535092886 
7982.91468603073  0.9989358124329163 
7984.489893985588  1.0055914235156362 
7986.065101940447  1.0091852718630543 
7987.640309895304  1.0083869664574032 
7989.2155178501625  1.005137361007568 
7990.79072580502  1.0010136174301985 
7992.365933759878  0.992341070926629 
7993.941141714737  0.9953508495293659 
7995.516349669594  1.0004306834007635 
7997.091557624452  1.0067331708887108 
7998.666765579311  1.0094423639146004 
8000.241973534168  1.0125240339072228 
8001.817181489027  1.0088590632128005 
8003.392389443884  1.0062963020510842 
8004.967597398742  1.0107490535777068 
8006.542805353601  1.0127010922426265 
8008.118013308458  1.0127142992828213 
8009.693221263316  1.0109057165902853 
8011.268429218175  1.011661808256621 
8012.843637173032  1.0091898131873878 
8014.418845127891  1.0064799404650873 
8015.994053082748  1.008736539588571 
8017.569261037606  1.0085438171166892 
8019.144468992465  1.0046460748391721 
8020.719676947322  1.007045223747631 
8022.2948849021805  1.0145663449246753 
8023.870092857039  1.0158994449669325 
8025.445300811896  1.0067154011550017 
8027.020508766755  0.9975862151725098 
8028.595716721612  1.0052562647030308 
8030.17092467647  1.0094165147034553 
8031.746132631329  1.0109163670298609 
8033.321340586186  1.0087145852380108 
8034.8965485410445  1.0082780239220155 
8036.471756495903  1.007552061811598 
8038.04696445076  1.0060179957486495 
8039.622172405619  1.0097625456218982 
8041.197380360476  1.011429410988827 
8042.772588315334  1.0182883605891981 
8044.347796270193  1.021089998039573 
8045.92300422505  1.0150694644115286 
8047.4982121799085  1.009136736647916 
8049.073420134767  1.0054125323186776 
8050.648628089624  1.0044582264832282 
8052.223836044483  1.0046490714967915 
8053.79904399934  1.0037957373059754 
8055.374251954198  1.0093216794969124 
8056.949459909057  1.0072105945779513 
8058.524667863914  1.0066750055498974 
8060.0998758187725  1.0041307422480301 
8061.675083773631  1.0026892678045822 
8063.250291728488  1.0041678544693124 
8064.825499683347  1.005401255369912 
8066.400707638204  1.0086600435295134 
8067.975915593062  1.006558915757318 
8069.551123547921  1.006959241188428 
8071.126331502778  1.0060455161306212 
8072.7015394576365  1.0058623819446992 
8074.276747412494  1.0071724293237667 
8075.851955367352  1.007649279713631 
8077.427163322211  1.0031799180857583 
8079.002371277068  1.0031987288053452 
8080.577579231926  1.007041148842736 
8082.152787186785  1.0110018785984287 
8083.727995141642  1.0114564280989713 
8085.3032030965005  1.0087258670139665 
8086.878411051359  1.0072003984417046 
8088.453619006216  1.0060779188653504 
8090.028826961075  1.0116029435429532 
8091.604034915932  1.0137844082306595 
8093.17924287079  1.0145717131973653 
8094.754450825649  1.0154823446876333 
8096.329658780506  1.0129339328967846 
8097.9048667353645  1.0125673125225747 
8099.480074690222  1.013036709873988 
8101.05528264508  1.009979638278265 
8102.630490599939  1.0109575574002962 
8104.205698554796  1.0143979924885336 
8105.780906509654  1.0169019018498289 
8107.356114464513  1.01678840904836 
8108.93132241937  1.0194594718945993 
8110.5065303742285  1.020361138028647 
8112.081738329087  1.0261145835263437 
8113.656946283944  1.0299087304079928 
8115.232154238803  1.02553060981469 
8116.80736219366  1.0191312355711328 
8118.382570148518  1.0207582179877557 
8119.957778103377  1.0232288697902958 
8121.532986058234  1.0252435039872043 
8123.1081940130925  1.0284042636824116 
8124.68340196795  1.0309414487075454 
8126.258609922808  1.0309361796887584 
8127.833817877667  1.0327285259675565 
8129.409025832524  1.0419157340862555 
8130.984233787382  1.0541575780271526 
8132.559441742241  1.0724003918060283 
8134.134649697098  1.0853788206206383 
8135.709857651957  1.0722091848212285 
8137.285065606814  1.055207198101921 
8138.860273561672  1.0543334471949013 
8140.435481516531  1.064507014160222 
8142.010689471388  1.0744882669009101 
8143.585897426246  1.066612658878426 
8145.161105381105  1.064558303950662 
8146.736313335962  1.0820463050956703 
8148.311521290821  1.100061863225952 
8149.886729245678  1.0961047956908618 
8151.461937200536  1.0908454791402324 
8153.037145155395  1.108020780939173 
8154.612353110252  1.1115286538829379 
8156.1875610651105  1.0922112233543593 
8157.762769019969  1.0772182125534395 
8159.337976974826  1.1002289631939202 
8160.913184929685  1.1477816002116674 
8162.488392884542  1.1898800145506214 
8164.0636008394  1.1813118186888263 
8165.638808794259  1.131152856719421 
8167.214016749116  1.1060224596903003 
8168.7892247039745  1.1267615294906972 
8170.364432658833  1.121776819497516 
8171.93964061369  1.0734787474666816 
8173.514848568549  1.0501732075497123 
8175.090056523406  1.0841454397831063 
8176.665264478264  1.1480118675022664 
8178.240472433123  1.1723860941478754 
8179.81568038798  1.1411709158625725 
8181.3908883428385  1.0992486458346584 
8182.966096297697  1.0724019589407794 
8184.541304252554  1.0622457967145913 
8186.116512207413  1.0747598964180696 
8187.69172016227  1.0971279770045994 
8189.266928117128  1.105377483825171 
8190.842136071987  1.1025574322564071 
8192.417344026844  1.0891485275797492 
8193.992551981702  1.0756802693075949 
8195.56775993656  1.0813239913793484 
8197.14296789142  1.105130460700683 
8198.718175846276  1.1144456071180138 
8200.293383801134  1.0983291420551944 
8201.868591755992  1.0574497347609826 
8203.44379971085  1.030833964214283 
8205.019007665709  1.0201206032314158 
8206.594215620566  1.019057704919225 
8208.169423575424  1.0263847093373062 
8209.744631530282  1.0361988061622456 
8211.31983948514  1.0410615661112377 
8212.895047439999  1.0390008457643563 
8214.470255394855  1.0334461879592207 
8216.045463349714  1.0362116108989292 
8217.620671304572  1.048229090906417 
8219.19587925943  1.0522798154118007 
8220.771087214289  1.0540729671918099 
8222.346295169147  1.069116202412816 
8223.921503124004  1.0936401665220288 
8225.496711078862  1.1650704530823515 
8227.07191903372  1.2663417746847152 
8228.647126988579  1.311657075524424 
8230.222334943437  1.2791648512376566 
8231.797542898294  1.202870993112821 
8233.372750853152  1.1383938884670106 
8234.94795880801  1.0903346030631968 
8236.523166762869  1.0616467718212943 
8238.098374717727  1.0513141561606107 
8239.673582672585  1.047499901991121 
8241.248790627442  1.0580964839669809 
8242.8239985823  1.0713566890554413 
8244.399206537159  1.0654562609428107 
8245.974414492017  1.0420917477680849 
8247.549622446875  1.02122601721869 
8249.124830401732  1.014616949277064 
8250.70003835659  1.0203165898591 
8252.275246311448  1.033528694442476 
8253.850454266307  1.0477079803413507 
8255.425662221165  1.0637911099057242 
8257.000870176022  1.077775401778353 
8258.57607813088  1.0726532497509011 
8260.151286085738  1.058545996127713 
8261.726494040597  1.0477077299032647 
8263.301701995455  1.043727452993723 
8264.876909950312  1.0385198084044025 
8266.45211790517  1.0306391601637241 
8268.027325860028  1.0245870558110777 
8269.602533814887  1.0349044436936155 
8271.177741769745  1.0545534145967213 
8272.752949724603  1.0864499205191402 
8274.32815767946  1.1120943576386555 
8275.903365634318  1.108544115842613 
8277.478573589176  1.0815865637779787 
8279.053781544035  1.0782228994382128 
8280.628989498893  1.0806288856124353 
8282.20419745375  1.0729899344690874 
8283.779405408608  1.0616491829633121 
8285.354613363466  1.059702606459938 
8286.929821318325  1.072157623193953 
8288.505029273183  1.081077100515681 
8290.080237228041  1.0649601360391245 
8291.655445182898  1.0644723255261956 
8293.230653137756  1.080504832650255 
8294.805861092615  1.083914945358166 
8296.381069047473  1.0510944297616505 
8297.95627700233  1.0283957801781582 
8299.531484957188  1.0334437250758044 
8301.106692912046  1.0442275007665234 
8302.681900866904  1.065058177963649 
8304.257108821763  1.0829560015515207 
8305.832316776621  1.0762628428244871 
8307.407524731478  1.0443513087583551 
8308.982732686336  1.0240403846745196 
8310.557940641194  1.0211591165766327 
8312.133148596053  1.0331469708689507 
8313.708356550911  1.0421826547773312 
8315.283564505768  1.051375039285428 
8316.858772460626  1.0608105174052538 
8318.433980415484  1.0730808220202892 
8320.009188370343  1.0819628575830211 
8321.584396325201  1.081752483868098 
8323.15960428006  1.0590959941840443 
8324.734812234916  1.0301900787928795 
8326.310020189774  1.0237907380182956 
8327.885228144632  1.0317378964625818 
8329.46043609949  1.0410411828521804 
8331.03564405435  1.040868403156206 
8332.610852009206  1.0417034328566162 
8334.186059964064  1.0406219573983175 
8335.761267918922  1.0392689998626943 
8337.33647587378  1.0431878125629412 
8338.911683828639  1.0517803401203123 
8340.486891783496  1.0512786706711708 
8342.062099738354  1.030958095721864 
8343.637307693212  0.9863811679043577 
8345.21251564807  0.9731493285691902 
8346.787723602929  1.0070688987004974 
8348.362931557785  1.0304895927811482 
8349.938139512644  1.0306840287762 
8351.513347467502  1.0204394998729187 
8353.08855542236  1.0065393213139286 
8354.663763377219  1.0173655617298265 
8356.238971332077  1.0319833862429908 
8357.814179286934  1.0330952279923094 
8359.389387241792  1.0297744937093316 
8360.96459519665  1.0289421647294448 
8362.539803151509  1.02653097737599 
8364.115011106367  1.016327883769471 
8365.690219061224  1.0115965782698753 
8367.265427016082  1.0144917987493018 
8368.84063497094  1.0153833138087425 
8370.415842925799  1.014266766408973 
8371.991050880657  1.0182374896514919 
8373.566258835515  1.0208969038488556 
8375.141466790372  1.0243467799734896 
8376.71667474523  1.0220881963830895 
8378.291882700089  1.0232527791059929 
8379.867090654947  1.017725220809964 
8381.442298609805  1.0025557382953245 
8383.017506564662  1.004021107780309 
8384.59271451952  1.01041797495793 
8386.167922474378  1.0191916483897667 
8387.743130429237  1.0179828984945822 
8389.318338384095  1.0113907060922878 
8390.893546338952  1.0099458083221928 
8392.46875429381  1.0133915010580408 
8394.043962248668  1.0200386905278922 
8395.619170203527  1.0260324078256482 
8397.194378158385  1.002621396638383 
8398.769586113242  0.9781001186949491 
8400.3447940681  0.9836713985724689 
8401.920002022958  1.0083589904115333 
8403.495209977817  1.0161690320083654 
8405.070417932675  1.0132265062893857 
8406.645625887533  1.014240485387888 
8408.22083384239  1.0160452920399141 
8409.796041797248  1.018162224897216 
8411.371249752106  1.0144849397767914 
8412.946457706965  1.0058519024304748 
8414.521665661823  0.9975123869889576 
8416.09687361668  1.000247979270733 
8417.672081571538  1.014012823653665 
8419.247289526396  1.009795525357533 
8420.822497481255  1.0 
8422.397705436113  1.0 
8423.972913390971  1.0 
8425.548121345828  1.0 
8427.123329300686  1.0 
8428.698537255545  1.0 
8430.273745210403  1.0 
8431.84895316526  1.0 
8433.424161120118  1.0 
8434.999369074976  1.0 
8436.574577029834  1.0 
8438.149784984693  1.0 
8439.724992939551  1.0 
8441.300200894408  1.0 
8442.875408849266  1.0 
8444.450616804124  1.0 
8446.025824758983  1.0 
8447.601032713841  1.0 
8449.176240668698  1.0 
8450.751448623556  1.0 
8452.326656578414  1.0 
8453.901864533273  1.0 
8455.477072488131  1.0 
8457.05228044299  1.0 
8458.627488397846  1.0 
8460.202696352704  1.0 
8461.777904307562  1.0 
8463.35311226242  1.0 
8464.92832021728  1.0 
8466.503528172136  1.0 
8468.078736126994  1.0 
8469.653944081852  1.0 
8471.22915203671  1.0 
8472.804359991569  1.0 
8474.379567946426  1.0 
8475.954775901284  1.0 
8477.529983856142  1.0 
8479.105191811  1.0 
8480.680399765859  1.0 
8482.255607720715  1.0 
8483.830815675574  1.0 
8485.406023630432  1.0 
8486.98123158529  1.0 
8488.556439540149  1.0 
8490.131647495007  1.0 
8491.706855449864  1.0 
8493.282063404722  1.0 
8494.85727135958  1.0 
8496.432479314439  1.0 
8498.007687269297  1.0 
8499.582895224154  1.0 
8501.158103179012  1.0 
8502.73331113387  1.0 
8504.308519088729  1.0 
8505.883727043587  1.0 
8507.458934998445  1.0 
8509.034142953302  1.0 
8510.60935090816  1.0 
8512.184558863019  1.0 
8513.759766817877  1.0 
8515.334974772735  1.0 
8516.910182727592  1.0 
8518.48539068245  1.0 
8520.060598637308  1.0 
8521.635806592167  1.0 
8523.211014547025  1.0 
8524.786222501882  1.0 
8526.36143045674  1.0 
8527.936638411598  1.0 
8529.511846366457  1.0 
8531.087054321315  1.0 
8532.662262276172  1.0 
8534.23747023103  1.0 
8535.812678185888  1.0 
8537.387886140747  1.0 
8538.963094095605  1.0 
8540.538302050463  1.0 
8542.11351000532  1.0 
8543.688717960178  1.0 
8545.263925915036  1.0 
8546.839133869895  1.0 
8548.414341824753  1.0 
8549.98954977961  1.0 
8551.564757734468  1.0 
8553.139965689326  1.0 
8554.715173644185  1.0 
8556.290381599043  1.0 
8557.865589553901  1.0 
8559.440797508758  1.0 
8561.016005463616  1.0 
8562.591213418475  1.0 
8564.166421373333  1.0 
8565.74162932819  1.0 
8567.316837283048  1.0 
8568.892045237906  1.0 
8570.467253192764  1.0 
8572.042461147623  1.0 
8573.617669102481  1.0 
8575.192877057338  1.0 
8576.768085012196  1.0 
8578.343292967054  1.0 
8579.918500921913  1.0 
8581.493708876771  1.0 
8583.068916831628  1.0 
8584.644124786486  1.0 
8586.219332741344  1.0 
8587.794540696203  1.0 
8589.369748651061  1.0 
8590.94495660592  1.0 
8592.520164560776  1.0 
8594.095372515634  1.0 
8595.670580470492  1.0 
8597.24578842535  1.0 
8598.82099638021  1.0 
8600.396204335066  1.0 
8601.971412289924  1.0 
8603.546620244782  1.0 
8605.12182819964  1.0 
8606.697036154499  1.0 
8608.272244109356  1.0 
8609.847452064214  1.0 
8611.422660019072  1.0 
8612.99786797393  1.0 
8614.573075928789  1.0 
8616.148283883645  1.0 
8617.723491838504  1.0 
8619.298699793362  1.0 
8620.87390774822  1.0 
8622.449115703079  1.0 
8624.024323657937  1.0 
8625.599531612794  1.0 
8627.174739567652  1.0 
8628.74994752251  1.0 
8630.325155477369  1.0 
8631.900363432227  1.0 
8633.475571387084  1.0 
8635.050779341942  1.0 
8636.6259872968  1.0 
8638.201195251659  1.0 
8639.776403206517  1.0 
8641.351611161375  1.0 
8642.926819116232  1.0 
8644.50202707109  1.0 
8646.077235025949  1.0 
8647.652442980807  1.0 
8649.227650935665  1.0 
8650.802858890522  1.0 
8652.37806684538  1.0 
8653.953274800238  1.0 
8655.528482755097  1.0 
8657.103690709955  1.0 
8658.678898664812  1.0 
8660.25410661967  1.0 
8661.829314574528  1.0 
8663.404522529387  1.0 
8664.979730484245  1.0 
8666.554938439102  1.0 
8668.13014639396  1.0 
8669.705354348818  1.0 
8671.280562303677  1.0 
8672.855770258535  1.0 
8674.430978213393  1.0 
8676.00618616825  1.0 
8677.581394123108  1.0 
8679.156602077966  1.0 
8680.731810032825  1.0 
8682.307017987683  1.0 
8683.88222594254  1.0 
8685.457433897398  1.0 
8687.032641852256  1.0 
8688.607849807115  1.0 
8690.183057761973  1.0 
8691.758265716831  1.0 
8693.333473671688  1.0 
8694.908681626546  1.0 
8696.483889581405  1.0 
8698.059097536263  1.0 
8699.63430549112  1.0 
8701.209513445978  1.0 
8702.784721400836  1.0 
8704.359929355694  1.0 
8705.935137310553  1.0 
8707.510345265411  1.0 
8709.085553220268  1.0 
8710.660761175126  1.0 
8712.235969129984  1.0 
8713.811177084843  1.0 
8715.386385039701  1.0 
8716.961592994558  1.0 
8718.536800949416  1.0 
8720.112008904274  1.0 
8721.687216859133  1.0 
8723.262424813991  1.0 
8724.83763276885  1.0 
8726.412840723706  1.0 
8727.988048678564  1.0 
8729.563256633422  1.0 
8731.13846458828  1.0 
8732.71367254314  1.0 
8734.288880497996  1.0 
8735.864088452854  1.0 
8737.439296407712  1.0 
8739.01450436257  1.0 
8740.589712317429  1.0 
8742.164920272287  1.0 
8743.740128227144  1.0 
8745.315336182002  1.0 
8746.89054413686  1.0 
8748.465752091719  1.0 
8750.040960046575  1.0 
8751.616168001434  1.0 
8753.191375956292  1.0 
8754.76658391115  1.0 
8756.341791866009  1.0 
8757.916999820867  1.0 
8759.492207775724  1.0 
8761.067415730582  1.0 
8762.64262368544  1.0 
8764.217831640299  1.0 
8765.793039595157  1.0 
8767.368247550014  1.0 
8768.943455504872  1.0 
8770.51866345973  1.0 
8772.093871414589  1.0 
8773.669079369447  1.0 
8775.244287324305  1.0 
8776.819495279162  1.0 
8778.39470323402  1.0 
8779.969911188879  1.0 
8781.545119143737  1.0 
8783.120327098593  1.0 
8784.695535053452  1.0 
8786.27074300831  1.0 
8787.845950963168  1.0 
8789.421158918027  1.0 
8790.996366872885  1.0 
8792.571574827742  1.0 
8794.1467827826  1.0 
8795.721990737458  1.0 
8797.297198692317  1.0 
8798.872406647175  1.0 
8800.447614602032  1.0 
8802.02282255689  1.0 
8803.598030511748  1.0 
8805.173238466607  1.0 
8806.748446421465  1.0 
8808.323654376323  1.0 
8809.89886233118  1.0 
8811.474070286038  1.0 
8813.049278240896  1.0 
8814.624486195755  1.0 
8816.199694150613  1.0 
8817.77490210547  1.0 
8819.350110060328  1.0 
8820.925318015186  1.0 
8822.500525970045  1.0 
8824.075733924903  1.0 
8825.650941879761  1.0 
8827.226149834618  1.0 
8828.801357789476  1.0 
8830.376565744335  1.0 
8831.951773699193  1.0 
8833.52698165405  1.0 
8835.102189608908  1.0 
8836.677397563766  1.0 
8838.252605518624  1.0 
8839.827813473483  1.0 
8841.403021428341  1.0 
8842.978229383198  1.0 
8844.553437338056  1.0 
8846.128645292914  1.0 
8847.703853247773  1.0 
8849.279061202631  1.0 
8850.854269157488  1.0 
8852.429477112346  1.0 
8854.004685067204  1.0 
8855.579893022063  1.0 
8857.155100976921  1.0 
8858.73030893178  1.0 
8860.305516886636  1.0 
8861.880724841494  1.0 
8863.455932796352  1.0 
8865.03114075121  1.0 
8866.60634870607  1.0 
8868.181556660926  1.0 
8869.756764615784  1.0 
8871.331972570642  1.0 
8872.9071805255  1.0 
8874.482388480359  1.0 
8876.057596435217  1.0 
8877.632804390074  1.0 
8879.208012344932  1.0 
8880.78322029979  1.0 
8882.358428254649  1.0 
8883.933636209505  1.0 
8885.508844164364  1.0 
8887.084052119222  1.0 
8888.65926007408  1.0 
8890.234468028939  1.0 
8891.809675983797  1.0 
8893.384883938654  1.0 
8894.960091893512  1.0 
8896.53529984837  1.0 
8898.110507803229  1.0 
8899.685715758087  1.0 
8901.260923712944  1.0 
8902.836131667802  1.0 
8904.41133962266  1.0 
8905.986547577519  1.0 
8907.561755532377  1.0 
8909.136963487235  1.0 
8910.712171442092  1.0 
8912.28737939695  1.0 
8913.862587351809  1.0 
8915.437795306667  1.0 
8917.013003261523  1.0 
8918.588211216382  1.0 
8920.16341917124  1.0 
8921.738627126098  1.0 
8923.313835080957  1.0 
8924.889043035815  1.0 
8926.464250990672  1.0 
8928.03945894553  1.0 
8929.614666900388  1.0 
8931.189874855247  1.0 
8932.765082810105  1.0 
8934.340290764962  1.0 
8935.91549871982  1.0 
8937.490706674678  1.0 
8939.065914629537  1.0 
8940.641122584395  1.0 
8942.216330539253  1.0 
8943.79153849411  1.0 
8945.366746448968  1.0 
8946.941954403826  1.0 
8948.517162358685  1.0 
8950.092370313543  1.0 
8951.6675782684  1.0 
8953.242786223258  1.0 
8954.817994178116  1.0 
8956.393202132975  1.0 
8957.968410087833  1.0 
8959.543618042691  1.0 
8961.118825997548  1.0 
8962.694033952406  1.0 
8964.269241907265  1.0 
8965.844449862123  1.0 
8967.41965781698  1.0 
8968.994865771838  1.0 
8970.570073726696  1.0 
8972.145281681554  1.0 
8973.720489636413  1.0 
8975.295697591271  1.0 
8976.870905546128  1.0 
8978.446113500986  1.0 
8980.021321455844  1.0 
8981.596529410703  1.0 
8983.171737365561  1.0 
8984.746945320418  1.0 
8986.322153275276  1.0 
8987.897361230134  1.0 
8989.472569184993  1.0 
8991.047777139851  1.0 
8992.62298509471  1.0 
8994.198193049566  1.0 
8995.773401004424  1.0 
8997.348608959283  1.0 
8998.92381691414  1.0 
9000.499024869  1.0 
9002.074232823856  1.0 
9003.649440778714  1.0 
9005.224648733572  1.0 
9006.79985668843  1.0 
9008.375064643289  1.0 
9009.950272598147  1.0 
9011.525480553004  1.0 
9013.100688507862  1.0 
9014.67589646272  1.0 
9016.251104417579  1.0 
9017.826312372435  1.0 
9019.401520327294  1.0 
9020.976728282152  1.0 
9022.55193623701  1.0 
9024.127144191869  1.0 
9025.702352146727  1.0 
9027.277560101584  1.0 
9028.852768056442  1.0 
9030.4279760113  1.0 
9032.003183966159  1.0 
9033.578391921017  1.0 
9035.153599875874  1.0 
9036.728807830732  1.0 
9038.30401578559  1.0 
9039.879223740449  1.0 
9041.454431695307  1.0 
9043.029639650165  1.0 
9044.604847605022  1.0 
9046.18005555988  1.0 
9047.755263514739  1.0 
9049.330471469597  1.0 
9050.905679424453  1.0 
9052.480887379312  1.0 
9054.05609533417  1.0 
9055.631303289028  1.0 
9057.206511243887  1.0 
9058.781719198745  1.0 
9060.356927153602  1.0 
9061.93213510846  1.0 
9063.507343063318  1.0 
9065.082551018177  1.0 
9066.657758973035  1.0 
9068.232966927892  1.0 
9069.80817488275  1.0 
9071.383382837608  1.0 
9072.958590792467  1.0 
9074.533798747325  1.0 
9076.109006702183  1.0 
9077.68421465704  1.0 
9079.259422611898  1.0 
9080.834630566756  1.0 
9082.409838521615  1.0 
9083.985046476473  1.0 
9085.56025443133  1.0 
9087.135462386188  1.0 
9088.710670341046  1.0 
9090.285878295905  1.0 
9091.861086250763  1.0 
9093.436294205621  1.0 
9095.011502160478  1.0 
9096.586710115336  1.0 
9098.161918070195  1.0 
9099.737126025053  1.0 
9101.31233397991  1.0 
9102.887541934768  1.0 
9104.462749889626  1.0 
9106.037957844484  1.0 
9107.613165799343  1.0 
9109.188373754201  1.0 
9110.763581709058  1.0 
9112.338789663916  1.0 
9113.913997618774  1.0 
9115.489205573633  1.0 
9117.064413528491  1.0 
9118.639621483348  1.0 
9120.214829438206  1.0 
9121.790037393064  1.0 
9123.365245347923  1.0 
9124.940453302781  1.0 
9126.51566125764  1.0 
9128.090869212496  1.0 
9129.666077167354  1.0 
9131.241285122213  1.0 
9132.81649307707  1.0 
9134.39170103193  1.0 
9135.966908986786  1.0 
9137.542116941644  1.0 
9139.117324896502  1.0 
9140.69253285136  1.0 
9142.267740806219  1.0 
9143.842948761077  1.0 
9145.418156715934  1.0 
9146.993364670792  1.0 
9148.56857262565  1.0 
9150.143780580509  1.0 
9151.718988535365  1.0 
9153.294196490224  1.0 
9154.869404445082  1.0 
9156.44461239994  1.0 
9158.019820354799  1.0 
9159.595028309657  1.0 
9161.170236264514  1.0 
9162.745444219372  1.0 
9164.32065217423  1.0 
9165.895860129089  1.0 
9167.471068083947  1.0 
9169.046276038804  1.0 
9170.621483993662  1.0 
9172.19669194852  1.0 
9173.771899903379  1.0 
9175.347107858237  1.0 
9176.922315813095  1.0 
9178.497523767952  1.0 
9180.07273172281  1.0 
9181.647939677669  1.0 
9183.223147632527  1.0 
9184.798355587383  1.0 
9186.373563542242  1.0 
9187.9487714971  1.0 
9189.523979451958  1.0 
9191.099187406817  1.0 
9192.674395361675  1.0 
9194.249603316532  1.0 
9195.82481127139  1.0 
9197.400019226248  1.0 
9198.975227181107  1.0 
9200.550435135965  1.0 
9202.125643090822  1.0 
9203.70085104568  1.0 
9205.276059000538  1.0 
9206.851266955397  1.0 
9208.426474910255  1.0 
9210.001682865113  1.0 
9211.57689081997  1.0 
9213.152098774828  1.0 
9214.727306729686  1.0 
9216.302514684545  1.0 
9217.877722639403  1.0 
9219.45293059426  1.0 
9221.028138549118  1.0 
9222.603346503976  1.0 
9224.178554458835  1.0 
9225.753762413693  1.0 
9227.328970368551  1.0 
9228.904178323408  1.0 
9230.479386278266  1.0 
9232.054594233125  1.0 
9233.629802187983  1.0 
9235.20501014284  1.0 
9236.780218097698  1.0 
9238.355426052556  1.0 
9239.930634007414  1.0 
9241.505841962273  1.0 
9243.081049917131  1.0 
9244.656257871988  1.0 
9246.231465826846  1.0 
9247.806673781704  1.0 
9249.381881736563  1.0 
9250.957089691421  1.0 
9252.532297646278  1.0 
9254.107505601136  1.0 
9255.682713555994  1.0 
9257.257921510853  1.0 
9258.833129465711  1.0 
9260.40833742057  1.0 
9261.983545375426  1.0 
9263.558753330284  1.0 
9265.133961285143  1.0 
9266.70916924  1.0 
9268.28437719486  1.0 
9269.859585149716  1.0 
9271.434793104574  1.0 
9273.010001059432  1.0 
9274.58520901429  1.0 
9276.160416969149  1.0 
9277.735624924007  1.0 
9279.310832878864  1.0 
9280.886040833722  1.0 
9282.46124878858  1.0 
9284.036456743439  1.0 
9285.611664698295  1.0 
9287.186872653154  1.0 
9288.762080608012  1.0 
9290.33728856287  1.0 
9291.912496517729  1.0 
9293.487704472587  1.0 
9295.062912427444  1.0 
9296.638120382302  1.0 
9298.21332833716  1.0 
9299.788536292019  1.0 
9301.363744246877  1.0 
9302.938952201734  1.0 
9304.514160156592  1.0 
