# From https://snfactory.lbl.gov/snf/snf-specstars.html
#  Wave, Flux 1e-16 erg/s/cm2/AA
3.008400000000000091e+03 3.830805433228821499e+01
3.012599999999999909e+03 4.752151867362278637e+01
3.016800000000000182e+03 6.668378090486466192e+01
3.021000000000000000e+03 1.085305000909167461e+02
3.025199999999999818e+03 1.320046017704272856e+02
3.029400000000000091e+03 1.378935690909650305e+02
3.033599999999999909e+03 1.759967399928311238e+02
3.037800000000000182e+03 2.442006970002989590e+02
3.042000000000000000e+03 2.846314172663327327e+02
3.046199999999999818e+03 2.873905126893780562e+02
3.050400000000000091e+03 2.888947636895335904e+02
3.054599999999999909e+03 2.985166504274104113e+02
3.058800000000000182e+03 3.022895204831826277e+02
3.063000000000000000e+03 3.105355041441795265e+02
3.067199999999999818e+03 3.517394366267930650e+02
3.071400000000000091e+03 4.169658573516957176e+02
3.075599999999999909e+03 4.709443058615493101e+02
3.079800000000000182e+03 5.049033188554782328e+02
3.084000000000000000e+03 5.264347095091910660e+02
3.088199999999999818e+03 5.425383190179110215e+02
3.092400000000000091e+03 5.619762028123225264e+02
3.096599999999999909e+03 5.844118800892028958e+02
3.100800000000000182e+03 6.036952294700233779e+02
3.105000000000000000e+03 6.235080223573589819e+02
3.109199999999999818e+03 6.521866979441600733e+02
3.113400000000000091e+03 6.852916064716579285e+02
3.117599999999999909e+03 7.126240403127994796e+02
3.121800000000000182e+03 7.415886975416283349e+02
3.126000000000000000e+03 7.855237265893169933e+02
3.130199999999999818e+03 8.363365568411652475e+02
3.134400000000000091e+03 8.798090347277008050e+02
3.138599999999999909e+03 9.135857437221648070e+02
3.142800000000000182e+03 9.386588210139776720e+02
3.147000000000000000e+03 9.580491036609073490e+02
3.151199999999999818e+03 9.751811976623429246e+02
3.155400000000000091e+03 9.986295486263603607e+02
3.159599999999999909e+03 1.037722048779918850e+03
3.163800000000000182e+03 1.076978941008561833e+03
3.168000000000000000e+03 1.097869977288518157e+03
3.172199999999999818e+03 1.107001305740623820e+03
3.176400000000000091e+03 1.113460666574468860e+03
3.180599999999999909e+03 1.126800797010044562e+03
3.184800000000000182e+03 1.155805949246618638e+03
3.189000000000000000e+03 1.194505671823043031e+03
3.193199999999999818e+03 1.235904784549200940e+03
3.197400000000000091e+03 1.261256198095401032e+03
3.201599999999999909e+03 1.254339538767850172e+03
3.205800000000000182e+03 1.235925820888696762e+03
3.210000000000000000e+03 1.226306950874597305e+03
3.214199999999999818e+03 1.228410333769792260e+03
3.218400000000000091e+03 1.244288867589423489e+03
3.222599999999999909e+03 1.262677521742776435e+03
3.226800000000000182e+03 1.274398225809462474e+03
3.231000000000000000e+03 1.295314832721590847e+03
3.235199999999999818e+03 1.335325021349198096e+03
3.239400000000000091e+03 1.376005275674438053e+03
3.243599999999999909e+03 1.404451257283163386e+03
3.247800000000000182e+03 1.428258113288781715e+03
3.252000000000000000e+03 1.452219221890000654e+03
3.256199999999999818e+03 1.473774747476601306e+03
3.260400000000000091e+03 1.489990453261283847e+03
3.264599999999999909e+03 1.491369654709664928e+03
3.268800000000000182e+03 1.477353944774573620e+03
3.273000000000000000e+03 1.469106377692979777e+03
3.277199999999999818e+03 1.481369376013797137e+03
3.281400000000000091e+03 1.516850947574245993e+03
3.285599999999999909e+03 1.569610426794740079e+03
3.289800000000000182e+03 1.617358376669521931e+03
3.294000000000000000e+03 1.643819261699480194e+03
3.298199999999999818e+03 1.643566497538893600e+03
3.302400000000000091e+03 1.620980922043352166e+03
3.306599999999999909e+03 1.597047862650296565e+03
3.310800000000000182e+03 1.581522451751827930e+03
3.315000000000000000e+03 1.566845552667081620e+03
3.319199999999999818e+03 1.550509427047349391e+03
3.323400000000000091e+03 1.534503995801977908e+03
3.327599999999999909e+03 1.524456454645492840e+03
3.331800000000000182e+03 1.531663654805382976e+03
3.336000000000000000e+03 1.554737847220666254e+03
3.340199999999999818e+03 1.580128154480898502e+03
3.344400000000000091e+03 1.595411893079912943e+03
3.348599999999999909e+03 1.588512764379304599e+03
3.352800000000000182e+03 1.564969792437055503e+03
3.357000000000000000e+03 1.545975375806545344e+03
3.361199999999999818e+03 1.539545557897493609e+03
3.365400000000000091e+03 1.543902512383693875e+03
3.369599999999999909e+03 1.552474786899227865e+03
3.373800000000000182e+03 1.554256122945095058e+03
3.378000000000000000e+03 1.548780829009693434e+03
3.382199999999999818e+03 1.542462748430030615e+03
3.386400000000000091e+03 1.539234339878792298e+03
3.390599999999999909e+03 1.542212217665111893e+03
3.394800000000000182e+03 1.549033705548453327e+03
3.399000000000000000e+03 1.554830049855788047e+03
3.403199999999999818e+03 1.555286168008075720e+03
3.407400000000000091e+03 1.545806099374143969e+03
3.411599999999999909e+03 1.534846835918099487e+03
3.415800000000000182e+03 1.536527672944155483e+03
3.420000000000000000e+03 1.544845466087465411e+03
3.424199999999999818e+03 1.546575082681774802e+03
3.428400000000000091e+03 1.544394626392451983e+03
3.432599999999999909e+03 1.546246958675591031e+03
3.436800000000000182e+03 1.543180530316128852e+03
3.441000000000000000e+03 1.522312836534735425e+03
3.445199999999999818e+03 1.501925454125893566e+03
3.449400000000000091e+03 1.506004039159631702e+03
3.453599999999999909e+03 1.520999892727478255e+03
3.457800000000000182e+03 1.527838729281183078e+03
3.462000000000000000e+03 1.522141853367629210e+03
3.466199999999999818e+03 1.501626828347498531e+03
3.470400000000000091e+03 1.476121770256690752e+03
3.474599999999999909e+03 1.457161285126578377e+03
3.478800000000000182e+03 1.450929570606434027e+03
3.483000000000000000e+03 1.462090670118496291e+03
3.487199999999999818e+03 1.482311721018590333e+03
3.491400000000000091e+03 1.502456958930753444e+03
3.495599999999999909e+03 1.515269191974913838e+03
3.499800000000000182e+03 1.514742466016807839e+03
3.504000000000000000e+03 1.512255106653039775e+03
3.508199999999999818e+03 1.518450246051514569e+03
3.512400000000000091e+03 1.527950615538334432e+03
3.516599999999999909e+03 1.536396507226754466e+03
3.520800000000000182e+03 1.548611726772992824e+03
3.525000000000000000e+03 1.566935110901990129e+03
3.529199999999999818e+03 1.584239048448640915e+03
3.533400000000000091e+03 1.594996172836784353e+03
3.537599999999999909e+03 1.599292145216070139e+03
3.541800000000000182e+03 1.598178145340380524e+03
3.546000000000000000e+03 1.598305493600158570e+03
3.550199999999999818e+03 1.602491060180776913e+03
3.554400000000000091e+03 1.599619369381468687e+03
3.558599999999999909e+03 1.584057367997162601e+03
3.562800000000000182e+03 1.564625368167426359e+03
3.567000000000000000e+03 1.548542168052588977e+03
3.571199999999999818e+03 1.540071588071944461e+03
3.575400000000000091e+03 1.541118319875331963e+03
3.579599999999999909e+03 1.548204252100872964e+03
3.583800000000000182e+03 1.557477295905882784e+03
3.588000000000000000e+03 1.565454271563746033e+03
3.592199999999999818e+03 1.569496088401747329e+03
3.596400000000000091e+03 1.568011619871135053e+03
3.600599999999999909e+03 1.563505813587465582e+03
3.604800000000000182e+03 1.565376846793877576e+03
3.609000000000000000e+03 1.574662520125932588e+03
3.613199999999999818e+03 1.580117022026156292e+03
3.617400000000000091e+03 1.580593480341251734e+03
3.621599999999999909e+03 1.586983062826588366e+03
3.625800000000000182e+03 1.602882050023551756e+03
3.630000000000000000e+03 1.624605819725181163e+03
3.634199999999999818e+03 1.647584154922698417e+03
3.638400000000000091e+03 1.666174059522646758e+03
3.642599999999999909e+03 1.676603190269316656e+03
3.646800000000000182e+03 1.676151856686444944e+03
3.651000000000000000e+03 1.670758152000373457e+03
3.655199999999999818e+03 1.674090626121084142e+03
3.659400000000000091e+03 1.683842578978887786e+03
3.663599999999999909e+03 1.685905214867621225e+03
3.667800000000000182e+03 1.678935307834359946e+03
3.672000000000000000e+03 1.669182833674304902e+03
3.676199999999999818e+03 1.662474502769098308e+03
3.680400000000000091e+03 1.665387155012990434e+03
3.684599999999999909e+03 1.674328073748288944e+03
3.688800000000000182e+03 1.679883004382130821e+03
3.693000000000000000e+03 1.682079970362785616e+03
3.697199999999999818e+03 1.685168630012650510e+03
3.701400000000000091e+03 1.691629357228073559e+03
3.705599999999999909e+03 1.703366804144112848e+03
3.709800000000000182e+03 1.720395353609795166e+03
3.714000000000000000e+03 1.742133595880335633e+03
3.718199999999999818e+03 1.763842333001146471e+03
3.722400000000000091e+03 1.779259017941284355e+03
3.726599999999999909e+03 1.793559115160240253e+03
3.730800000000000182e+03 1.815504453279607333e+03
3.735000000000000000e+03 1.840178882046014451e+03
3.739199999999999818e+03 1.859464385211595300e+03
3.743400000000000091e+03 1.880359041477328219e+03
3.747599999999999909e+03 1.912752570016463324e+03
3.751800000000000182e+03 1.948416939171965623e+03
3.756000000000000000e+03 1.977634762988132707e+03
3.760199999999999818e+03 2.006334608142178922e+03
3.764400000000000091e+03 2.039058685403502523e+03
3.768599999999999909e+03 2.095468646825084761e+03
3.772800000000000182e+03 2.195056422047152410e+03
3.777000000000000000e+03 2.283638125985613442e+03
3.781199999999999818e+03 2.309372321036629728e+03
3.785400000000000091e+03 2.282557355287729479e+03
3.789599999999999909e+03 2.218393128195913505e+03
3.793800000000000182e+03 2.186192450955218192e+03
3.798000000000000000e+03 2.245366991501678513e+03
3.802199999999999818e+03 2.365654624100822730e+03
3.806400000000000091e+03 2.508236048925615705e+03
3.810599999999999909e+03 2.605808692495068044e+03
3.814800000000000182e+03 2.603596666326758168e+03
3.819000000000000000e+03 2.511666296776932541e+03
3.823199999999999818e+03 2.358148875688460066e+03
3.827400000000000091e+03 2.220657340156137707e+03
3.831599999999999909e+03 2.167509080363699013e+03
3.835800000000000182e+03 2.222027068079844867e+03
3.840000000000000000e+03 2.384508121663148358e+03
3.844199999999999818e+03 2.595812419575778677e+03
3.848400000000000091e+03 2.799399255510388230e+03
3.852599999999999909e+03 2.970116019080729529e+03
3.856800000000000182e+03 3.083351364692826337e+03
3.861000000000000000e+03 3.119045078200518219e+03
3.865199999999999818e+03 3.069313948099400022e+03
3.869400000000000091e+03 2.940668030068662574e+03
3.873599999999999909e+03 2.753947840627607093e+03
3.877800000000000182e+03 2.545343748694778697e+03
3.882000000000000000e+03 2.363056973392957389e+03
3.886199999999999818e+03 2.273897896106183907e+03
3.890400000000000091e+03 2.307707394207912330e+03
3.894599999999999909e+03 2.439605117469614470e+03
3.898800000000000182e+03 2.628665588778218989e+03
3.903000000000000000e+03 2.815063217285518476e+03
3.907199999999999818e+03 2.959524708679590731e+03
3.911400000000000091e+03 3.056305703389900373e+03
3.915599999999999909e+03 3.101877303454524281e+03
3.919800000000000182e+03 3.094635032196002157e+03
3.924000000000000000e+03 3.052300285499155507e+03
3.928199999999999818e+03 3.008444971760098724e+03
3.932400000000000091e+03 2.982454864079111303e+03
3.936599999999999909e+03 2.980400848990700979e+03
3.940800000000000182e+03 2.982417683551721439e+03
3.945000000000000000e+03 2.947401088883732882e+03
3.949199999999999818e+03 2.854558831086782448e+03
3.953400000000000091e+03 2.701517211883231539e+03
3.957599999999999909e+03 2.515993182646988771e+03
3.961800000000000182e+03 2.344704729260264685e+03
3.966000000000000000e+03 2.247645602834071269e+03
3.970199999999999818e+03 2.289920919828604383e+03
3.974400000000000091e+03 2.452867598588718010e+03
3.978599999999999909e+03 2.668361698127679119e+03
3.982800000000000182e+03 2.879388447078742956e+03
3.987000000000000000e+03 3.033254030822135974e+03
3.991199999999999818e+03 3.138761181544603460e+03
3.995400000000000091e+03 3.236567912283076566e+03
3.999599999999999909e+03 3.337798654863458523e+03
4.003800000000000182e+03 3.444328016333195137e+03
4.008000000000000000e+03 3.539629687916595230e+03
4.012199999999999818e+03 3.599383384667597056e+03
4.016400000000000091e+03 3.625628799294394412e+03
4.020599999999999909e+03 3.629071444195543791e+03
4.024800000000000182e+03 3.617500885380125055e+03
4.029000000000000000e+03 3.599405035927344670e+03
4.033199999999999818e+03 3.577846776380724805e+03
4.037400000000000091e+03 3.553314902745940799e+03
4.041599999999999909e+03 3.532926456277787111e+03
4.045800000000000182e+03 3.522900965284693939e+03
4.050000000000000000e+03 3.513429215425962866e+03
4.054199999999999818e+03 3.493163520326947491e+03
4.058400000000000091e+03 3.446383132726980875e+03
4.062599999999999909e+03 3.358869465604474499e+03
4.066800000000000182e+03 3.248834773692113231e+03
4.071000000000000000e+03 3.135992749845747312e+03
4.075199999999999818e+03 3.035759756701227616e+03
4.079400000000000091e+03 2.963006959865680983e+03
4.083599999999999909e+03 2.877178884911186287e+03
4.087800000000000182e+03 2.744668993197355576e+03
4.092000000000000000e+03 2.593426860833073079e+03
4.096199999999999818e+03 2.454454288459477539e+03
4.100399999999999636e+03 2.398859459813608737e+03
4.104600000000000364e+03 2.478629265163309810e+03
4.108800000000000182e+03 2.628035640116722334e+03
4.113000000000000000e+03 2.782760535763868120e+03
4.117199999999999818e+03 2.909091132486116749e+03
4.121399999999999636e+03 2.983813820523641425e+03
4.125600000000000364e+03 3.040066039579185599e+03
4.129800000000000182e+03 3.106899568986140821e+03
4.134000000000000000e+03 3.183730589167260405e+03
4.138199999999999818e+03 3.266497288152369492e+03
4.142399999999999636e+03 3.333321384916263469e+03
4.146600000000000364e+03 3.370178999135297090e+03
4.150800000000000182e+03 3.389359522625393311e+03
4.155000000000000000e+03 3.400252733963091032e+03
4.159199999999999818e+03 3.406133344475586910e+03
4.163399999999999636e+03 3.407979541420904297e+03
4.167600000000000364e+03 3.396919037707966254e+03
4.171800000000000182e+03 3.374351305079564099e+03
4.176000000000000000e+03 3.363072848000708746e+03
4.180199999999999818e+03 3.371934523611600525e+03
4.184399999999999636e+03 3.387309404312914012e+03
4.188600000000000364e+03 3.400317557548600689e+03
4.192800000000000182e+03 3.407226158635284264e+03
4.197000000000000000e+03 3.411420982256060597e+03
4.201199999999999818e+03 3.428676739091604759e+03
4.205399999999999636e+03 3.458650146675585347e+03
4.209600000000000364e+03 3.481028614350193493e+03
4.213800000000000182e+03 3.486144761302517509e+03
4.218000000000000000e+03 3.475202403304519066e+03
4.222199999999999818e+03 3.455251402272025189e+03
4.226399999999999636e+03 3.440107858826550000e+03
4.230600000000000364e+03 3.435589957533085908e+03
4.234800000000000182e+03 3.439596084586350571e+03
4.239000000000000000e+03 3.447961609112330279e+03
4.243199999999999818e+03 3.454476558198736711e+03
4.247399999999999636e+03 3.456264170960645970e+03
4.251600000000000364e+03 3.452840029968035651e+03
4.255800000000000182e+03 3.449426013699406667e+03
4.260000000000000000e+03 3.455684273078829847e+03
4.264199999999999818e+03 3.467704827658758859e+03
4.268399999999999636e+03 3.472762092567621494e+03
4.272600000000000364e+03 3.468301010289288115e+03
4.276800000000000182e+03 3.457541263986113790e+03
4.281000000000000000e+03 3.435348486406047414e+03
4.285199999999999818e+03 3.394494131880618170e+03
4.289399999999999636e+03 3.336139173822541579e+03
4.293600000000000364e+03 3.263999549662110439e+03
4.297800000000000182e+03 3.198754071149668107e+03
4.302000000000000000e+03 3.165311405306979850e+03
4.306199999999999818e+03 3.157569086107725525e+03
4.310399999999999636e+03 3.157927146764194731e+03
4.314600000000000364e+03 3.135856469227408525e+03
4.318800000000000182e+03 3.060913588164038629e+03
4.323000000000000000e+03 2.920376087101672965e+03
4.327199999999999818e+03 2.713059496817733361e+03
4.331399999999999636e+03 2.490810399667281217e+03
4.335600000000000364e+03 2.314764639808282482e+03
4.339800000000000182e+03 2.245793516737646769e+03
4.344000000000000000e+03 2.335982696972921531e+03
4.348199999999999818e+03 2.530569278394234971e+03
4.352399999999999636e+03 2.754936870747011199e+03
4.356600000000000364e+03 2.962933337232751455e+03
4.360800000000000182e+03 3.110949180597120630e+03
4.365000000000000000e+03 3.208401854058523440e+03
4.369199999999999818e+03 3.274955511834682056e+03
4.373399999999999636e+03 3.310357163275330549e+03
4.377600000000000364e+03 3.319136424401704517e+03
4.381800000000000182e+03 3.314302562933683021e+03
4.386000000000000000e+03 3.307988568164892968e+03
4.390199999999999818e+03 3.308176283843892634e+03
4.394399999999999636e+03 3.320122307844437273e+03
4.398600000000000364e+03 3.342722425441904761e+03
4.402800000000000182e+03 3.371874012023638898e+03
4.407000000000000000e+03 3.391744689557530819e+03
4.411199999999999818e+03 3.391062210697999944e+03
4.415399999999999636e+03 3.383055698855594528e+03
4.419600000000000364e+03 3.379024377277698932e+03
4.423800000000000182e+03 3.379887820458385704e+03
4.428000000000000000e+03 3.385680953050485641e+03
4.432199999999999818e+03 3.393833685245636843e+03
4.436399999999999636e+03 3.399005454244916564e+03
4.440600000000000364e+03 3.387302210475619631e+03
4.444800000000000182e+03 3.353889938040611923e+03
4.449000000000000000e+03 3.317175455044618957e+03
4.453199999999999818e+03 3.290825500089338675e+03
4.457399999999999636e+03 3.275925655643352911e+03
4.461600000000000364e+03 3.273919463010382515e+03
4.465800000000000182e+03 3.287567783790757858e+03
4.470000000000000000e+03 3.311938078760163990e+03
4.474199999999999818e+03 3.328943833822680517e+03
4.478399999999999636e+03 3.332847885467238484e+03
4.482600000000000364e+03 3.338545359012205608e+03
4.486800000000000182e+03 3.354592968417322936e+03
4.491000000000000000e+03 3.380766253128004337e+03
4.495199999999999818e+03 3.413651772501224968e+03
4.499399999999999636e+03 3.446133096511853182e+03
4.503600000000000364e+03 3.466104353361685753e+03
4.507800000000000182e+03 3.456240669881932718e+03
4.512000000000000000e+03 3.414405307012315006e+03
4.516199999999999818e+03 3.353103213652061640e+03
4.520399999999999636e+03 3.293059078943836084e+03
4.524600000000000364e+03 3.262577767276569830e+03
4.528800000000000182e+03 3.265479569713077126e+03
4.533000000000000000e+03 3.283808454040499782e+03
4.537199999999999818e+03 3.297686815489091714e+03
4.541399999999999636e+03 3.285502057351692656e+03
4.545600000000000364e+03 3.249187860441492830e+03
4.549800000000000182e+03 3.207573685895639301e+03
4.554000000000000000e+03 3.182198027188906963e+03
4.558199999999999818e+03 3.196527912802643641e+03
4.562399999999999636e+03 3.240369513774716324e+03
4.566600000000000364e+03 3.283456825422272232e+03
4.570800000000000182e+03 3.308604204510723321e+03
4.575000000000000000e+03 3.304814275199544682e+03
4.579199999999999818e+03 3.283568120676665330e+03
4.583399999999999636e+03 3.268358849882114555e+03
4.587600000000000364e+03 3.263729572286618804e+03
4.591800000000000182e+03 3.266504999983277230e+03
4.596000000000000000e+03 3.274863589472724016e+03
4.600199999999999818e+03 3.285608606337198580e+03
4.604399999999999636e+03 3.299371086609288795e+03
4.608600000000000364e+03 3.318571840777357465e+03
4.612800000000000182e+03 3.332636945868162911e+03
4.617000000000000000e+03 3.327710259126757137e+03
4.621199999999999818e+03 3.314055104482509250e+03
4.625399999999999636e+03 3.307582325925548048e+03
4.629600000000000364e+03 3.302830724899154120e+03
4.633800000000000182e+03 3.291112168476694478e+03
4.638000000000000000e+03 3.277387297322340601e+03
4.642199999999999818e+03 3.267304118785999435e+03
4.646399999999999636e+03 3.260468924840044565e+03
4.650600000000000364e+03 3.256531475786096507e+03
4.654800000000000182e+03 3.246887217541813243e+03
4.659000000000000000e+03 3.222966814729583803e+03
4.663199999999999818e+03 3.197990505939888862e+03
4.667399999999999636e+03 3.185247701369399692e+03
4.671600000000000364e+03 3.186735036185389617e+03
4.675800000000000182e+03 3.202796914705523704e+03
4.680000000000000000e+03 3.223335776716337023e+03
4.684199999999999818e+03 3.237892271914619414e+03
4.688399999999999636e+03 3.240350134112093656e+03
4.692600000000000364e+03 3.226964458700645537e+03
4.696800000000000182e+03 3.205687029240112224e+03
4.701000000000000000e+03 3.184906977875423308e+03
4.705199999999999818e+03 3.168991527106026751e+03
4.709399999999999636e+03 3.161361032409738073e+03
4.713600000000000364e+03 3.162713150672367647e+03
4.717800000000000182e+03 3.171247972872616629e+03
4.722000000000000000e+03 3.179166615358458330e+03
4.726199999999999818e+03 3.180307130943754601e+03
4.730399999999999636e+03 3.174311355656376691e+03
4.734600000000000364e+03 3.162704869072932979e+03
4.738800000000000182e+03 3.152277884819387964e+03
4.743000000000000000e+03 3.147393223426772238e+03
4.747199999999999818e+03 3.145735451740204098e+03
4.751399999999999636e+03 3.144575801173249147e+03
4.755600000000000364e+03 3.139457570317157661e+03
4.759800000000000182e+03 3.129794661089783403e+03
4.764000000000000000e+03 3.123415413246340449e+03
4.768199999999999818e+03 3.124153240051151897e+03
4.772399999999999636e+03 3.129331563977482801e+03
4.776600000000000364e+03 3.135245160225098971e+03
4.780800000000000182e+03 3.135711531603551066e+03
4.785000000000000000e+03 3.129575047916356198e+03
4.789199999999999818e+03 3.123973254443883889e+03
4.793399999999999636e+03 3.119679015344829622e+03
4.797600000000000364e+03 3.109604693010234314e+03
4.801800000000000182e+03 3.091157403607446668e+03
4.806000000000000000e+03 3.066067571255779058e+03
4.810199999999999818e+03 3.037462932542104681e+03
4.814399999999999636e+03 3.010682193226018626e+03
4.818600000000000364e+03 2.984471954625391845e+03
4.822800000000000182e+03 2.949950646973012226e+03
4.827000000000000000e+03 2.907519640379898192e+03
4.831199999999999818e+03 2.865492139912172206e+03
4.835399999999999636e+03 2.814805833532548149e+03
4.839600000000000364e+03 2.737123028785421866e+03
4.843800000000000182e+03 2.613345615046200237e+03
4.848000000000000000e+03 2.425068622502336439e+03
4.852199999999999818e+03 2.206093259746290641e+03
4.856399999999999636e+03 2.019186127587257033e+03
4.860600000000000364e+03 1.923062900576350103e+03
4.864800000000000182e+03 1.972165121692906723e+03
4.869000000000000000e+03 2.130383087120168057e+03
4.873199999999999818e+03 2.313347011718925842e+03
4.877399999999999636e+03 2.477402131104967793e+03
4.881600000000000364e+03 2.596311961094673734e+03
4.885800000000000182e+03 2.675973968538597546e+03
4.890000000000000000e+03 2.739854728707103277e+03
4.894199999999999818e+03 2.793970583714585246e+03
4.898399999999999636e+03 2.839963522591520814e+03
4.902600000000000364e+03 2.872872373085503114e+03
4.906800000000000182e+03 2.886001427124977909e+03
4.911000000000000000e+03 2.878865574592069152e+03
4.915199999999999818e+03 2.852324069020340630e+03
4.919399999999999636e+03 2.827515413988116507e+03
4.923600000000000364e+03 2.829226574488398001e+03
4.927800000000000182e+03 2.849332346094695367e+03
4.932000000000000000e+03 2.872943723172938462e+03
4.936199999999999818e+03 2.898703262654957143e+03
4.940399999999999636e+03 2.926126037505462591e+03
4.944600000000000364e+03 2.946503258227376136e+03
4.948800000000000182e+03 2.951925885623814338e+03
4.953000000000000000e+03 2.949745849742953396e+03
4.957199999999999818e+03 2.947517366999586102e+03
4.961399999999999636e+03 2.950344773867321692e+03
4.965600000000000364e+03 2.962878141254239836e+03
4.969800000000000182e+03 2.963271412176937247e+03
4.974000000000000000e+03 2.932929966357633930e+03
4.978199999999999818e+03 2.889432635706483325e+03
4.982399999999999636e+03 2.849889839239695903e+03
4.986600000000000364e+03 2.830454574342444175e+03
4.990800000000000182e+03 2.842005551255752835e+03
4.995000000000000000e+03 2.855947828272739116e+03
4.999199999999999818e+03 2.848972330839805181e+03
5.003399999999999636e+03 2.831462448438847332e+03
5.007600000000000364e+03 2.813053508657524617e+03
5.011800000000000182e+03 2.800230561432759714e+03
5.016000000000000000e+03 2.798995492468331577e+03
5.020199999999999818e+03 2.812646911466826623e+03
5.024399999999999636e+03 2.838525766420038508e+03
5.028600000000000364e+03 2.857189678894661938e+03
5.032800000000000182e+03 2.856945201628671839e+03
5.037000000000000000e+03 2.846881255942719690e+03
5.041199999999999818e+03 2.836752194794184106e+03
5.045399999999999636e+03 2.838298377840103512e+03
5.049600000000000364e+03 2.855954606474660523e+03
5.053800000000000182e+03 2.878704936684123822e+03
5.058000000000000000e+03 2.894113804052151863e+03
5.062199999999999818e+03 2.887158694040251703e+03
5.066399999999999636e+03 2.853713072407971595e+03
5.070600000000000364e+03 2.806871627150908353e+03
5.074800000000000182e+03 2.762532476595778917e+03
5.079000000000000000e+03 2.740569556415221996e+03
5.083199999999999818e+03 2.746368819545736642e+03
5.087399999999999636e+03 2.765804528849315830e+03
5.091600000000000364e+03 2.784868540079163267e+03
5.095800000000000182e+03 2.788666026208491985e+03
5.100000000000000000e+03 2.778413640923015464e+03
5.104199999999999818e+03 2.775197453587448308e+03
5.108399999999999636e+03 2.781195142970631423e+03
5.112600000000000364e+03 2.780056506547753088e+03
5.116800000000000182e+03 2.766332446157128743e+03
5.121000000000000000e+03 2.743037235838225570e+03
5.125199999999999818e+03 2.716511949531968185e+03
5.129399999999999636e+03 2.696572615334177044e+03
5.133600000000000364e+03 2.687058998588755003e+03
5.137800000000000182e+03 2.686722831384655365e+03
5.142000000000000000e+03 2.693525615824546549e+03
5.146199999999999818e+03 2.704979224036113465e+03
5.150399999999999636e+03 2.713109587285166072e+03
5.154600000000000364e+03 2.707667398404681080e+03
5.158800000000000182e+03 2.687892357055541652e+03
5.163000000000000000e+03 2.657204655245762297e+03
5.167199999999999818e+03 2.630114839586922699e+03
5.171399999999999636e+03 2.626812005639421386e+03
5.175600000000000364e+03 2.635966255652248037e+03
5.179800000000000182e+03 2.633342037824194449e+03
5.184000000000000000e+03 2.615864650088521557e+03
5.188199999999999818e+03 2.587925893841645120e+03
5.192399999999999636e+03 2.560053092873033165e+03
5.196600000000000364e+03 2.545134141206696768e+03
5.200800000000000182e+03 2.548055883624108901e+03
5.205000000000000000e+03 2.569992092236826011e+03
5.209199999999999818e+03 2.602430804368242207e+03
5.213399999999999636e+03 2.635063949986852094e+03
5.217600000000000364e+03 2.651060822862397345e+03
5.221800000000000182e+03 2.633909125180854062e+03
5.226000000000000000e+03 2.603121528626383224e+03
5.230199999999999818e+03 2.583025311869426332e+03
5.234399999999999636e+03 2.584469671552984437e+03
5.238600000000000364e+03 2.615958063452056194e+03
5.242800000000000182e+03 2.651323206968087106e+03
5.247000000000000000e+03 2.661013797043240174e+03
5.251199999999999818e+03 2.648866897035929924e+03
5.255399999999999636e+03 2.621740489584543866e+03
5.259600000000000364e+03 2.583448576339719693e+03
5.263800000000000182e+03 2.540589478788777797e+03
5.268000000000000000e+03 2.507596887681736007e+03
5.272199999999999818e+03 2.496511098805214715e+03
5.276399999999999636e+03 2.509769466232815375e+03
5.280600000000000364e+03 2.545603221847102759e+03
5.284800000000000182e+03 2.583331514558157778e+03
5.289000000000000000e+03 2.604774434450856006e+03
5.293199999999999818e+03 2.612333664281258734e+03
5.297399999999999636e+03 2.609514535568855990e+03
5.301600000000000364e+03 2.601568943764968026e+03
5.305800000000000182e+03 2.593531361410461159e+03
5.310000000000000000e+03 2.584569485489510043e+03
5.314199999999999818e+03 2.573697286119906494e+03
5.318399999999999636e+03 2.557756866184186947e+03
5.322600000000000364e+03 2.536889760014859348e+03
5.326800000000000182e+03 2.522321678822840568e+03
5.331000000000000000e+03 2.520762269084942091e+03
5.335199999999999818e+03 2.527783332473907649e+03
5.339399999999999636e+03 2.539500720675049251e+03
5.343600000000000364e+03 2.554426272796865305e+03
5.347800000000000182e+03 2.568898474873572013e+03
5.352000000000000000e+03 2.576683314711019648e+03
5.356199999999999818e+03 2.573591920066679904e+03
5.360399999999999636e+03 2.557330496488928475e+03
5.364600000000000364e+03 2.532739736885736420e+03
5.368800000000000182e+03 2.515491204292064140e+03
5.373000000000000000e+03 2.513017851036493084e+03
5.377199999999999818e+03 2.521371704736419360e+03
5.381399999999999636e+03 2.532973848208034269e+03
5.385600000000000364e+03 2.535625239844112457e+03
5.389800000000000182e+03 2.523155140002283133e+03
5.394000000000000000e+03 2.496245934030896478e+03
5.398199999999999818e+03 2.463674412522121202e+03
5.402399999999999636e+03 2.442551792018753986e+03
5.406600000000000364e+03 2.439657016506965647e+03
5.410800000000000182e+03 2.452281331608180608e+03
5.415000000000000000e+03 2.471065929538525779e+03
5.419199999999999818e+03 2.479675757177066316e+03
5.423399999999999636e+03 2.478346247502476672e+03
5.427600000000000364e+03 2.480787626738294875e+03
5.431800000000000182e+03 2.488569151148258243e+03
5.436000000000000000e+03 2.495596446703487800e+03
5.440199999999999818e+03 2.498017764412921679e+03
5.444399999999999636e+03 2.492603520603804554e+03
5.448600000000000364e+03 2.482055010139090427e+03
5.452800000000000182e+03 2.472487571614217359e+03
5.457000000000000000e+03 2.465547348455866995e+03
5.461199999999999818e+03 2.461371069144199282e+03
5.465399999999999636e+03 2.454897421879288231e+03
5.469600000000000364e+03 2.438024810745015657e+03
5.473800000000000182e+03 2.420869641249539200e+03
5.478000000000000000e+03 2.420143951829986236e+03
5.482199999999999818e+03 2.432962998928817797e+03
5.486399999999999636e+03 2.450249556042637778e+03
5.490600000000000364e+03 2.461623579238353614e+03
5.494800000000000182e+03 2.456028915511871219e+03
5.499000000000000000e+03 2.441596059443001650e+03
5.503199999999999818e+03 2.431658941723727366e+03
5.507399999999999636e+03 2.428890936181898269e+03
5.511600000000000364e+03 2.433850352860838029e+03
5.515800000000000182e+03 2.441384785272078716e+03
5.520000000000000000e+03 2.444866215487884801e+03
5.524199999999999818e+03 2.443264403232418317e+03
5.528399999999999636e+03 2.436522005748141055e+03
5.532600000000000364e+03 2.428302069093687351e+03
5.536800000000000182e+03 2.422833568756670502e+03
5.541000000000000000e+03 2.420855985330998465e+03
5.545199999999999818e+03 2.422316154930590983e+03
5.549399999999999636e+03 2.425968709987302191e+03
5.553600000000000364e+03 2.430278596469387594e+03
5.557800000000000182e+03 2.429469358067123721e+03
5.562000000000000000e+03 2.418840800941851739e+03
5.566199999999999818e+03 2.405468315216137853e+03
5.570399999999999636e+03 2.395943046913763737e+03
5.574600000000000364e+03 2.392047689526119484e+03
5.578800000000000182e+03 2.394504570065239022e+03
5.583000000000000000e+03 2.391784235164862821e+03
5.587199999999999818e+03 2.376013037463804267e+03
5.591399999999999636e+03 2.362893406805138511e+03
5.595600000000000364e+03 2.363632384662486857e+03
5.599800000000000182e+03 2.370763445545898321e+03
5.604000000000000000e+03 2.377371223152888433e+03
5.608199999999999818e+03 2.375955315207577769e+03
5.612399999999999636e+03 2.363371656503329177e+03
5.616600000000000364e+03 2.352351753402176655e+03
5.620800000000000182e+03 2.351023606227636719e+03
5.625000000000000000e+03 2.353901042009389585e+03
5.629199999999999818e+03 2.356697801818311746e+03
5.633399999999999636e+03 2.357219775250364364e+03
5.637600000000000364e+03 2.354272543568606579e+03
5.641800000000000182e+03 2.351115051219008365e+03
5.646000000000000000e+03 2.347034681495358200e+03
5.650199999999999818e+03 2.332349411927239998e+03
5.654399999999999636e+03 2.307151954173606555e+03
5.658600000000000364e+03 2.287469247908638408e+03
5.662800000000000182e+03 2.281848506553350489e+03
5.667000000000000000e+03 2.288963299732368796e+03
5.671199999999999818e+03 2.301629037647097448e+03
5.675399999999999636e+03 2.303267093983193718e+03
5.679600000000000364e+03 2.290623720267883527e+03
5.683800000000000182e+03 2.277380928136358307e+03
5.688000000000000000e+03 2.270712126547097796e+03
5.692199999999999818e+03 2.271856796864984062e+03
5.696399999999999636e+03 2.276084069794517291e+03
5.700600000000000364e+03 2.271245698292574616e+03
5.704800000000000182e+03 2.257794484814789485e+03
5.709000000000000000e+03 2.247756016006219852e+03
5.713199999999999818e+03 2.245982663550036705e+03
5.717399999999999636e+03 2.252226686292362956e+03
5.721600000000000364e+03 2.262529597397533962e+03
5.725800000000000182e+03 2.269263387796428106e+03
5.730000000000000000e+03 2.271579866508491705e+03
5.734199999999999818e+03 2.273691728884321492e+03
5.738399999999999636e+03 2.273964178767328576e+03
5.742600000000000364e+03 2.267525195977200383e+03
5.746800000000000182e+03 2.256280492383346882e+03
5.751000000000000000e+03 2.245507549525518698e+03
5.755199999999999818e+03 2.237177350248087350e+03
5.759399999999999636e+03 2.231776861446802741e+03
5.763600000000000364e+03 2.228812780088940599e+03
5.767800000000000182e+03 2.227454642688893273e+03
5.772000000000000000e+03 2.225013292622946210e+03
5.776199999999999818e+03 2.217812415295453775e+03
5.780399999999999636e+03 2.210759347637348128e+03
5.784600000000000364e+03 2.211620405143568860e+03
5.788800000000000182e+03 2.215951058636743255e+03
5.793000000000000000e+03 2.216083895654201569e+03
5.797199999999999818e+03 2.213403985707881475e+03
5.801399999999999636e+03 2.211259101597623612e+03
5.805600000000000364e+03 2.210156538873948193e+03
5.809800000000000182e+03 2.210359376631209670e+03
5.814000000000000000e+03 2.211705000512468814e+03
5.818199999999999818e+03 2.213522611522897023e+03
5.822399999999999636e+03 2.217283260267520745e+03
5.826600000000000364e+03 2.224389547839447914e+03
5.830800000000000182e+03 2.231007162185579091e+03
5.835000000000000000e+03 2.233137857047937359e+03
5.839199999999999818e+03 2.228448251395365332e+03
5.843399999999999636e+03 2.215613599960133797e+03
5.847600000000000364e+03 2.197363670042151170e+03
5.851800000000000182e+03 2.176879078718833171e+03
5.856000000000000000e+03 2.164268400820647912e+03
5.860199999999999818e+03 2.167606169858684098e+03
5.864399999999999636e+03 2.178001048885380442e+03
5.868600000000000364e+03 2.186292354964644346e+03
5.872800000000000182e+03 2.188400637367404670e+03
5.877000000000000000e+03 2.180970911683070426e+03
5.881199999999999818e+03 2.160177098913863574e+03
5.885399999999999636e+03 2.126499499751211715e+03
5.889600000000000364e+03 2.096474838813696351e+03
5.893800000000000182e+03 2.083235970962913143e+03
5.898000000000000000e+03 2.087121434658117778e+03
5.902199999999999818e+03 2.105180852020105249e+03
5.906399999999999636e+03 2.125453186004450799e+03
5.910600000000000364e+03 2.138090657324170024e+03
5.914800000000000182e+03 2.142067373162542481e+03
5.919000000000000000e+03 2.138181535237541084e+03
5.923199999999999818e+03 2.131672392154571753e+03
5.927399999999999636e+03 2.126830026754345909e+03
5.931600000000000364e+03 2.124484376870617780e+03
5.935800000000000182e+03 2.124196729261884229e+03
5.940000000000000000e+03 2.122522803193995514e+03
5.944199999999999818e+03 2.118294935886958228e+03
5.948399999999999636e+03 2.114992953670639963e+03
5.952600000000000364e+03 2.114111334771917427e+03
5.956800000000000182e+03 2.114186118489964883e+03
5.961000000000000000e+03 2.113484227180575999e+03
5.965199999999999818e+03 2.109751169726604985e+03
5.969399999999999636e+03 2.102344544405143552e+03
5.973600000000000364e+03 2.092902409985333634e+03
5.977800000000000182e+03 2.083236102671583467e+03
5.982000000000000000e+03 2.074972939696706362e+03
5.986199999999999818e+03 2.069735313127232075e+03
5.990399999999999636e+03 2.069291192514914655e+03
5.994600000000000364e+03 2.071404121388167823e+03
5.998800000000000182e+03 2.069838635096020880e+03
6.003000000000000000e+03 2.064298837560097127e+03
6.007199999999999818e+03 2.060445217298055468e+03
6.011399999999999636e+03 2.057074405948708772e+03
6.015600000000000364e+03 2.047308801047220186e+03
6.019800000000000182e+03 2.034834673860384783e+03
6.024000000000000000e+03 2.030501563960454405e+03
6.028199999999999818e+03 2.034875999208435360e+03
6.032399999999999636e+03 2.042626642245978246e+03
6.036600000000000364e+03 2.047766603639112418e+03
6.040800000000000182e+03 2.043526811876993179e+03
6.045000000000000000e+03 2.032996562574434620e+03
6.049199999999999818e+03 2.024498073105890626e+03
6.053399999999999636e+03 2.021000913805700065e+03
6.057600000000000364e+03 2.023261745038525532e+03
6.061800000000000182e+03 2.027879047315421076e+03
6.066000000000000000e+03 2.029609293196400358e+03
6.070199999999999818e+03 2.026652337592704043e+03
6.074399999999999636e+03 2.018563802005545540e+03
6.078600000000000364e+03 2.008769581243423090e+03
6.082800000000000182e+03 2.001954396169961001e+03
6.087000000000000000e+03 1.998272221662416769e+03
6.091199999999999818e+03 1.996730886011288248e+03
6.095399999999999636e+03 1.994843515306747577e+03
6.099600000000000364e+03 1.989640182118911753e+03
6.103800000000000182e+03 1.983008907202872706e+03
6.108000000000000000e+03 1.977421254728719759e+03
6.112199999999999818e+03 1.974322712442811053e+03
6.116399999999999636e+03 1.974883564195423332e+03
6.120600000000000364e+03 1.973809608659558990e+03
6.124800000000000182e+03 1.965791401928748883e+03
6.129000000000000000e+03 1.949458579172455757e+03
6.133199999999999818e+03 1.924309840338091590e+03
6.137399999999999636e+03 1.902113363378506619e+03
6.141600000000000364e+03 1.894306282107177140e+03
6.145800000000000182e+03 1.898088284110734776e+03
6.150000000000000000e+03 1.909690656188940011e+03
6.154199999999999818e+03 1.920215817991283075e+03
6.158399999999999636e+03 1.921469376278344271e+03
6.162600000000000364e+03 1.920477818855432133e+03
6.166800000000000182e+03 1.923470487928107559e+03
6.171000000000000000e+03 1.926806762524664919e+03
6.175199999999999818e+03 1.927805428547434303e+03
6.179399999999999636e+03 1.925912880176086219e+03
6.183600000000000364e+03 1.921137625298395506e+03
6.187800000000000182e+03 1.917188072602738657e+03
6.192000000000000000e+03 1.916758330204316735e+03
6.196199999999999818e+03 1.918997460045293792e+03
6.200399999999999636e+03 1.922249867025986532e+03
6.204600000000000364e+03 1.921912793338325855e+03
6.208800000000000182e+03 1.915922394957087135e+03
6.213000000000000000e+03 1.910480228261251796e+03
6.217199999999999818e+03 1.908497423801849436e+03
6.221399999999999636e+03 1.904289641289302608e+03
6.225600000000000364e+03 1.895129219898046586e+03
6.229800000000000182e+03 1.884555994751392291e+03
6.234000000000000000e+03 1.874233338845242770e+03
6.238199999999999818e+03 1.861927069794105591e+03
6.242399999999999636e+03 1.849021950612930141e+03
6.246600000000000364e+03 1.843087106573461824e+03
6.250800000000000182e+03 1.846163021181540444e+03
6.255000000000000000e+03 1.851887612553558483e+03
6.259199999999999818e+03 1.856434356463572612e+03
6.263399999999999636e+03 1.859811628347654278e+03
6.267600000000000364e+03 1.859956173393671406e+03
6.271800000000000182e+03 1.852340631433118688e+03
6.276000000000000000e+03 1.862204556204273104e+03
6.280199999999999818e+03 1.864516820369961806e+03
6.284399999999999636e+03 1.853572659102826037e+03
6.288600000000000364e+03 1.841829022203516615e+03
6.292800000000000182e+03 1.830582880664026789e+03
6.297000000000000000e+03 1.817715322425352269e+03
6.301199999999999818e+03 1.808700780734147202e+03
6.305399999999999636e+03 1.809355770697471598e+03
6.309600000000000364e+03 1.810329377526732742e+03
6.313800000000000182e+03 1.810004327249638891e+03
6.318000000000000000e+03 1.809614267035665307e+03
6.322199999999999818e+03 1.812444822210433585e+03
6.326399999999999636e+03 1.816435409610376837e+03
6.330600000000000364e+03 1.816416791013232569e+03
6.334800000000000182e+03 1.812205476959644784e+03
6.339000000000000000e+03 1.805925170730705076e+03
6.343199999999999818e+03 1.801459260136105968e+03
6.347399999999999636e+03 1.803871178686317080e+03
6.351600000000000364e+03 1.809101670457143200e+03
6.355800000000000182e+03 1.809125975895583224e+03
6.360000000000000000e+03 1.804259594507567499e+03
6.364199999999999818e+03 1.797651975097921650e+03
6.368399999999999636e+03 1.792489363870040279e+03
6.372600000000000364e+03 1.792371114420905315e+03
6.376800000000000182e+03 1.793393793656943899e+03
6.381000000000000000e+03 1.789318966767744769e+03
6.385199999999999818e+03 1.782478272691993880e+03
6.389399999999999636e+03 1.777219623266434610e+03
6.393600000000000364e+03 1.773006510344121580e+03
6.397800000000000182e+03 1.768316240342428955e+03
6.402000000000000000e+03 1.765102439215396316e+03
6.406199999999999818e+03 1.765713626121744937e+03
6.410399999999999636e+03 1.766603128721684470e+03
6.414600000000000364e+03 1.763673115725588332e+03
6.418800000000000182e+03 1.759241927275260650e+03
6.423000000000000000e+03 1.756262428783613359e+03
6.427199999999999818e+03 1.754129393356201945e+03
6.431399999999999636e+03 1.752000444868108616e+03
6.435600000000000364e+03 1.752892039290272805e+03
6.439800000000000182e+03 1.759286196629407868e+03
6.444000000000000000e+03 1.764989764693726329e+03
6.448199999999999818e+03 1.764429280359713630e+03
6.452399999999999636e+03 1.759586777013768369e+03
6.456600000000000364e+03 1.752643115134647587e+03
6.460800000000000182e+03 1.746130346740050072e+03
6.465000000000000000e+03 1.742289006371084270e+03
6.469199999999999818e+03 1.740812910707219771e+03
6.473399999999999636e+03 1.740637628670360527e+03
6.477600000000000364e+03 1.739213918002100627e+03
6.481800000000000182e+03 1.733955716247141481e+03
6.486000000000000000e+03 1.719488858135231112e+03
6.490199999999999818e+03 1.695403574777627455e+03
6.494399999999999636e+03 1.679868114207194594e+03
6.498600000000000364e+03 1.675026345869978968e+03
6.502800000000000182e+03 1.689913442554301810e+03
6.507000000000000000e+03 1.699040147861154082e+03
6.511199999999999818e+03 1.694100551249665159e+03
6.515399999999999636e+03 1.679991512764790514e+03
6.519600000000000364e+03 1.668396816761327500e+03
6.523800000000000182e+03 1.662080207716760697e+03
6.528000000000000000e+03 1.652985192745702534e+03
6.532199999999999818e+03 1.635453904989318289e+03
6.536399999999999636e+03 1.608807240224894258e+03
6.540600000000000364e+03 1.571455454252443815e+03
6.544800000000000182e+03 1.521277687056230889e+03
6.549000000000000000e+03 1.452871731746975229e+03
6.553199999999999818e+03 1.354535555948159754e+03
6.557399999999999636e+03 1.244462751292526718e+03
6.561600000000000364e+03 1.181086623324019001e+03
6.565800000000000182e+03 1.199780932141604353e+03
6.570000000000000000e+03 1.287154014651490797e+03
6.574199999999999818e+03 1.398065216312486882e+03
6.578399999999999636e+03 1.485062392496836310e+03
6.582600000000000364e+03 1.539027300760406206e+03
6.586800000000000182e+03 1.573607080580876072e+03
6.591000000000000000e+03 1.596021110473843237e+03
6.595199999999999818e+03 1.611837718767378192e+03
6.599399999999999636e+03 1.624562222155367181e+03
6.603600000000000364e+03 1.633442070621377070e+03
6.607800000000000182e+03 1.638322801034515123e+03
6.612000000000000000e+03 1.641812526694526696e+03
6.616199999999999818e+03 1.646569265871237576e+03
6.620399999999999636e+03 1.651903961619744450e+03
6.624600000000000364e+03 1.654740643815538988e+03
6.628800000000000182e+03 1.652827091703820770e+03
6.633000000000000000e+03 1.648987107381102760e+03
6.637199999999999818e+03 1.648797976142525158e+03
6.641399999999999636e+03 1.651817181169554715e+03
6.645600000000000364e+03 1.654142270163645208e+03
6.649800000000000182e+03 1.655053692340241923e+03
6.654000000000000000e+03 1.655341723158468540e+03
6.658199999999999818e+03 1.654853610739874284e+03
6.662399999999999636e+03 1.653331147999602763e+03
6.666600000000000364e+03 1.651415888792769692e+03
6.670800000000000182e+03 1.649048445791062250e+03
6.675000000000000000e+03 1.646579539908357901e+03
6.679199999999999818e+03 1.646570607350404316e+03
6.683399999999999636e+03 1.648657133518220917e+03
6.687600000000000364e+03 1.650078769383048439e+03
6.691800000000000182e+03 1.649055793162257487e+03
6.696000000000000000e+03 1.644410967793610325e+03
6.700199999999999818e+03 1.638965159783185754e+03
6.704399999999999636e+03 1.636716346522046933e+03
6.708600000000000364e+03 1.635586280588936688e+03
6.712800000000000182e+03 1.632938537522219349e+03
6.717000000000000000e+03 1.629680834381843397e+03
6.721199999999999818e+03 1.626356003938580216e+03
6.725399999999999636e+03 1.624474938295078118e+03
6.729600000000000364e+03 1.624601136482504899e+03
6.733800000000000182e+03 1.623158117827846127e+03
6.738000000000000000e+03 1.619254980126053852e+03
6.742199999999999818e+03 1.615347605427908320e+03
6.746399999999999636e+03 1.610708980445000407e+03
6.750600000000000364e+03 1.605419392102943675e+03
6.754800000000000182e+03 1.603157773868394315e+03
6.759000000000000000e+03 1.601815020614784999e+03
6.763199999999999818e+03 1.596087857895821344e+03
6.767399999999999636e+03 1.589064628413647597e+03
6.771600000000000364e+03 1.587576501528109020e+03
6.775800000000000182e+03 1.590435634227238097e+03
6.780000000000000000e+03 1.592200907021098374e+03
6.784199999999999818e+03 1.590244746826845812e+03
6.788399999999999636e+03 1.585193946322804095e+03
6.792600000000000364e+03 1.579927553606069750e+03
6.796800000000000182e+03 1.577132833790871928e+03
6.801000000000000000e+03 1.577058142377818967e+03
6.805199999999999818e+03 1.577827307197177106e+03
6.809399999999999636e+03 1.578350898864975306e+03
6.813600000000000364e+03 1.577524040123228815e+03
6.817800000000000182e+03 1.574232015880666950e+03
6.822000000000000000e+03 1.569357273561685133e+03
6.826199999999999818e+03 1.563951344562536633e+03
6.830399999999999636e+03 1.558134629285925030e+03
6.834600000000000364e+03 1.552111977138617476e+03
6.838800000000000182e+03 1.547424428811995313e+03
6.843000000000000000e+03 1.544728554920685156e+03
6.847199999999999818e+03 1.541939123799748586e+03
6.851399999999999636e+03 1.535474498715814207e+03
6.855600000000000364e+03 1.516667269310625670e+03
6.859800000000000182e+03 1.528109047159850888e+03
6.864000000000000000e+03 1.525255869906498901e+03
6.868199999999999818e+03 1.524907106328859754e+03
6.872399999999999636e+03 1.523043811762399855e+03
6.876600000000000364e+03 1.522992374601542224e+03
6.880800000000000182e+03 1.523896197568479920e+03
6.885000000000000000e+03 1.519558294671468730e+03
6.889199999999999818e+03 1.513783157374895609e+03
6.893399999999999636e+03 1.508961972014968751e+03
6.897600000000000364e+03 1.505224379174880141e+03
6.901800000000000182e+03 1.504930743821861597e+03
6.906000000000000000e+03 1.506024741597794673e+03
6.910199999999999818e+03 1.505455838393194199e+03
6.914399999999999636e+03 1.504347798238808991e+03
6.918600000000000364e+03 1.499425214361123608e+03
6.922800000000000182e+03 1.491082539624757146e+03
6.927000000000000000e+03 1.480876629842423654e+03
6.931199999999999818e+03 1.469766666181972596e+03
6.935399999999999636e+03 1.464745682286359170e+03
6.939600000000000364e+03 1.465954118730369146e+03
6.943800000000000182e+03 1.466624203110751978e+03
6.948000000000000000e+03 1.467349725573901651e+03
6.952199999999999818e+03 1.468130766780777321e+03
6.956399999999999636e+03 1.469441029173088737e+03
6.960600000000000364e+03 1.472881815676500082e+03
6.964800000000000182e+03 1.477311079987008043e+03
6.969000000000000000e+03 1.477747814342939364e+03
6.973199999999999818e+03 1.472560042175014587e+03
6.977399999999999636e+03 1.466742961775807316e+03
6.981600000000000364e+03 1.464048044330040057e+03
6.985800000000000182e+03 1.462395894065281027e+03
6.990000000000000000e+03 1.458931506465199845e+03
6.994199999999999818e+03 1.453011866130451153e+03
6.998399999999999636e+03 1.446397731537135542e+03
7.002600000000000364e+03 1.440849485715609944e+03
7.006800000000000182e+03 1.437281422356349822e+03
7.011000000000000000e+03 1.435758250129442786e+03
7.015199999999999818e+03 1.434462305992283291e+03
7.019399999999999636e+03 1.432904583923645077e+03
7.023600000000000364e+03 1.433170018899991874e+03
7.027800000000000182e+03 1.434902748216139116e+03
7.032000000000000000e+03 1.435210260668000956e+03
7.036199999999999818e+03 1.434791858411265366e+03
7.040399999999999636e+03 1.435762434469804930e+03
7.044600000000000364e+03 1.436933195637647941e+03
7.048800000000000182e+03 1.436186626200642195e+03
7.053000000000000000e+03 1.432878898525085788e+03
7.057199999999999818e+03 1.428171636788678597e+03
7.061399999999999636e+03 1.423362855804910623e+03
7.065600000000000364e+03 1.420637125717709296e+03
7.069800000000000182e+03 1.421448071395697070e+03
7.074000000000000000e+03 1.421985420930093142e+03
7.078199999999999818e+03 1.419605244533426458e+03
7.082399999999999636e+03 1.416094879131820562e+03
7.086600000000000364e+03 1.412815382977982154e+03
7.090800000000000182e+03 1.412260403463836610e+03
7.095000000000000000e+03 1.415743104819551718e+03
7.099199999999999818e+03 1.417262943477634053e+03
7.103399999999999636e+03 1.413164479860006168e+03
7.107600000000000364e+03 1.407444561866674348e+03
7.111800000000000182e+03 1.402833683344906149e+03
7.116000000000000000e+03 1.398973139000801893e+03
7.120199999999999818e+03 1.396023950556645786e+03
7.124399999999999636e+03 1.394558267751709764e+03
7.128600000000000364e+03 1.393197742891885127e+03
7.132800000000000182e+03 1.391288390216622702e+03
7.137000000000000000e+03 1.389868976932764781e+03
7.141199999999999818e+03 1.389027557888442971e+03
7.145399999999999636e+03 1.387446237171135181e+03
7.149600000000000364e+03 1.382565657262927743e+03
7.153800000000000182e+03 1.373281805121963771e+03
7.158000000000000000e+03 1.360660779524399686e+03
7.162199999999999818e+03 1.358702474092966895e+03
7.166399999999999636e+03 1.367121661305302268e+03
7.170600000000000364e+03 1.373935234565974042e+03
7.174800000000000182e+03 1.371240575769983934e+03
7.179000000000000000e+03 1.364725630731649744e+03
7.183199999999999818e+03 1.357292150907092946e+03
7.187399999999999636e+03 1.353498017931967979e+03
7.191600000000000364e+03 1.354821897051738006e+03
7.195800000000000182e+03 1.357872792750602230e+03
7.200000000000000000e+03 1.359290438046565896e+03
7.204199999999999818e+03 1.357806028892415270e+03
7.208399999999999636e+03 1.353977659931076005e+03
7.212600000000000364e+03 1.346410716443589763e+03
7.216800000000000182e+03 1.334860601735723321e+03
7.221000000000000000e+03 1.334131273817863985e+03
7.225199999999999818e+03 1.339187873899433498e+03
7.229399999999999636e+03 1.347574378713592751e+03
7.233600000000000364e+03 1.347126177079681611e+03
7.237800000000000182e+03 1.344052083108103716e+03
7.242000000000000000e+03 1.340282088593609615e+03
7.246199999999999818e+03 1.337705834720120038e+03
7.250399999999999636e+03 1.335750424120511525e+03
7.254600000000000364e+03 1.333663641716535949e+03
7.258800000000000182e+03 1.332280261474790223e+03
7.263000000000000000e+03 1.331598098736448719e+03
7.267199999999999818e+03 1.330206389657695127e+03
7.271399999999999636e+03 1.326933574859542887e+03
7.275600000000000364e+03 1.321136301835349286e+03
7.279800000000000182e+03 1.314892834682997545e+03
7.284000000000000000e+03 1.310875300214732306e+03
7.288199999999999818e+03 1.309123717187494321e+03
7.292399999999999636e+03 1.309604895695368668e+03
7.296600000000000364e+03 1.308808711435172199e+03
7.300800000000000182e+03 1.307700686905631301e+03
7.305000000000000000e+03 1.305523862103572355e+03
7.309199999999999818e+03 1.297136152177725762e+03
7.313399999999999636e+03 1.294835506213387589e+03
7.317600000000000364e+03 1.295018350863287196e+03
7.321800000000000182e+03 1.295989644665784908e+03
7.326000000000000000e+03 1.290290281184714559e+03
7.330199999999999818e+03 1.284037200840284868e+03
7.334399999999999636e+03 1.283748861618766114e+03
7.338600000000000364e+03 1.288518984385325439e+03
7.342800000000000182e+03 1.286962392665462176e+03
7.347000000000000000e+03 1.281932550089126153e+03
7.351199999999999818e+03 1.278582564025300599e+03
7.355399999999999636e+03 1.276123375192406684e+03
7.359600000000000364e+03 1.273998255306268447e+03
7.363800000000000182e+03 1.273706266552919487e+03
7.368000000000000000e+03 1.274976031130580850e+03
7.372199999999999818e+03 1.274603296634428716e+03
7.376399999999999636e+03 1.270902799599668924e+03
7.380600000000000364e+03 1.265429390254632608e+03
7.384800000000000182e+03 1.259817911931055505e+03
7.389000000000000000e+03 1.256035521203185908e+03
7.393199999999999818e+03 1.254319994029081272e+03
7.397399999999999636e+03 1.252469182805815763e+03
7.401600000000000364e+03 1.250426107066045006e+03
7.405800000000000182e+03 1.248559650990605405e+03
7.410000000000000000e+03 1.246134267197847748e+03
7.414199999999999818e+03 1.242203248387600524e+03
7.418399999999999636e+03 1.238274020008856269e+03
7.422600000000000364e+03 1.239336213940485777e+03
7.426800000000000182e+03 1.245265044308021743e+03
7.431000000000000000e+03 1.250278410949539420e+03
7.435199999999999818e+03 1.250984545329850789e+03
7.439399999999999636e+03 1.246468862204694460e+03
7.443600000000000364e+03 1.239593243148497322e+03
7.447800000000000182e+03 1.236383621176115412e+03
7.452000000000000000e+03 1.236800244051139771e+03
7.456199999999999818e+03 1.236716506240561330e+03
7.460399999999999636e+03 1.236234979542219889e+03
7.464600000000000364e+03 1.237599638357792401e+03
7.468800000000000182e+03 1.240188199445226019e+03
7.473000000000000000e+03 1.240964306546935404e+03
7.477199999999999818e+03 1.239091164268837701e+03
7.481399999999999636e+03 1.235798045680225187e+03
7.485600000000000364e+03 1.231958339551128802e+03
7.489800000000000182e+03 1.228583880554668440e+03
7.494000000000000000e+03 1.230874791053492345e+03
7.498199999999999818e+03 1.229179233203343074e+03
7.502399999999999636e+03 1.228006947723529493e+03
7.506600000000000364e+03 1.222336290074806357e+03
7.510800000000000182e+03 1.214352746838900430e+03
7.515000000000000000e+03 1.212013018961495618e+03
7.519199999999999818e+03 1.214411808609234868e+03
7.523399999999999636e+03 1.214856409098744052e+03
7.527600000000000364e+03 1.214306130401259225e+03
7.531800000000000182e+03 1.216319575360156250e+03
7.536000000000000000e+03 1.218258569956059773e+03
7.540199999999999818e+03 1.217305330563057851e+03
7.544399999999999636e+03 1.215312156071697927e+03
7.548600000000000364e+03 1.212384650339551172e+03
7.552800000000000182e+03 1.208707690832778326e+03
7.557000000000000000e+03 1.208966899164069901e+03
7.561199999999999818e+03 1.211411810358706589e+03
7.565399999999999636e+03 1.210011406979102730e+03
7.569600000000000364e+03 1.205433879165609596e+03
7.573800000000000182e+03 1.200188854859597768e+03
7.578000000000000000e+03 1.190002990657743112e+03
7.582199999999999818e+03 1.193995755599491986e+03
7.586399999999999636e+03 1.196723390562640134e+03
7.590600000000000364e+03 1.190937697526102284e+03
7.594800000000000182e+03 1.175267079527184706e+03
7.599000000000000000e+03 1.155878979116237588e+03
7.603199999999999818e+03 1.160594279070700395e+03
7.607399999999999636e+03 1.192868994182780625e+03
7.611600000000000364e+03 1.220352625471781494e+03
7.615800000000000182e+03 1.220332545680580552e+03
7.620000000000000000e+03 1.197389132136775743e+03
7.624199999999999818e+03 1.179724759040150502e+03
7.628399999999999636e+03 1.182633943418374884e+03
7.632600000000000364e+03 1.193768867641696488e+03
7.636800000000000182e+03 1.198589367104302482e+03
7.641000000000000000e+03 1.197062580881786971e+03
7.645199999999999818e+03 1.193580053441104383e+03
7.649399999999999636e+03 1.187972839991867204e+03
7.653600000000000364e+03 1.180053596406973156e+03
7.657800000000000182e+03 1.172954634297324901e+03
7.662000000000000000e+03 1.169706651254886083e+03
7.666199999999999818e+03 1.170417924889536607e+03
7.670399999999999636e+03 1.170591132779226200e+03
7.674600000000000364e+03 1.168599661246611049e+03
7.678800000000000182e+03 1.166547808900061682e+03
7.683000000000000000e+03 1.165734335471280474e+03
7.687199999999999818e+03 1.150357673917751072e+03
7.691399999999999636e+03 1.142884805530742142e+03
7.695600000000000364e+03 1.141648164592053490e+03
7.699800000000000182e+03 1.147958968683134344e+03
7.704000000000000000e+03 1.148441047134226210e+03
7.708199999999999818e+03 1.143739988835400027e+03
7.712399999999999636e+03 1.140349989250307999e+03
7.716600000000000364e+03 1.142208210042894052e+03
7.720800000000000182e+03 1.147108900486097809e+03
7.725000000000000000e+03 1.149625209209059676e+03
7.729199999999999818e+03 1.147033664596133349e+03
7.733399999999999636e+03 1.143131800826719427e+03
7.737600000000000364e+03 1.141302332993969458e+03
7.741800000000000182e+03 1.139539436039339535e+03
7.746000000000000000e+03 1.136931421827895292e+03
7.750199999999999818e+03 1.135322996540387749e+03
7.754399999999999636e+03 1.135807822092252991e+03
7.758600000000000364e+03 1.138273251850936731e+03
7.762800000000000182e+03 1.136884800735732370e+03
7.767000000000000000e+03 1.124301122882106711e+03
7.771199999999999818e+03 1.108258529533201681e+03
7.775399999999999636e+03 1.103956025450569314e+03
7.779600000000000364e+03 1.112599138739630462e+03
7.783800000000000182e+03 1.123409049009367209e+03
7.788000000000000000e+03 1.126723542962558213e+03
7.792199999999999818e+03 1.123334437114226830e+03
7.796399999999999636e+03 1.121793783725375079e+03
7.800600000000000364e+03 1.124691045392128672e+03
7.804800000000000182e+03 1.126807418210847572e+03
7.809000000000000000e+03 1.126508334115001617e+03
7.813199999999999818e+03 1.127850072843234557e+03
7.817399999999999636e+03 1.129589341362112464e+03
7.821600000000000364e+03 1.125999118091920991e+03
7.825800000000000182e+03 1.118149220559893593e+03
7.830000000000000000e+03 1.111920483098772820e+03
7.834199999999999818e+03 1.111281144869648188e+03
7.838399999999999636e+03 1.113787682051467755e+03
7.842600000000000364e+03 1.113897231750357150e+03
7.846800000000000182e+03 1.111168926275338208e+03
7.851000000000000000e+03 1.110430290428268563e+03
7.855199999999999818e+03 1.111933361636032032e+03
7.859399999999999636e+03 1.110653193465885352e+03
7.863600000000000364e+03 1.107333469275780544e+03
7.867800000000000182e+03 1.103912450407043480e+03
7.872000000000000000e+03 1.099023765705386040e+03
7.876199999999999818e+03 1.095125227258012274e+03
7.880399999999999636e+03 1.094522591487259660e+03
7.884600000000000364e+03 1.095372726642608313e+03
7.888800000000000182e+03 1.092504823600905183e+03
7.893000000000000000e+03 1.085968052349807067e+03
7.897199999999999818e+03 1.084014224365930431e+03
7.901399999999999636e+03 1.086428522005518971e+03
7.905600000000000364e+03 1.086054405518169688e+03
7.909800000000000182e+03 1.083832699875632215e+03
7.914000000000000000e+03 1.081426886575699882e+03
7.918199999999999818e+03 1.078599763085446966e+03
7.922399999999999636e+03 1.075483427639253250e+03
7.926600000000000364e+03 1.072307562372274106e+03
7.930800000000000182e+03 1.069506082616656386e+03
7.935000000000000000e+03 1.068413562981625773e+03
7.939199999999999818e+03 1.067548880700439895e+03
7.943399999999999636e+03 1.065723125084159847e+03
7.947600000000000364e+03 1.066815341574058266e+03
7.951800000000000182e+03 1.070864096633784584e+03
7.956000000000000000e+03 1.073563421595195678e+03
7.960199999999999818e+03 1.073399270198000522e+03
7.964399999999999636e+03 1.071527021240774047e+03
7.968600000000000364e+03 1.069107067567880677e+03
7.972800000000000182e+03 1.068030155574085029e+03
7.977000000000000000e+03 1.069650923890437980e+03
7.981199999999999818e+03 1.070820968824599731e+03
7.985399999999999636e+03 1.068985720211166381e+03
7.989600000000000364e+03 1.064484105235016841e+03
7.993800000000000182e+03 1.057096653994041844e+03
7.998000000000000000e+03 1.050960649074670528e+03
8.002199999999999818e+03 1.051444737284871962e+03
8.006399999999999636e+03 1.054548813444231200e+03
8.010600000000000364e+03 1.055035716343893455e+03
8.014800000000000182e+03 1.053377107180643407e+03
8.019000000000000000e+03 1.049757117185780544e+03
8.023199999999999818e+03 1.046198319555619264e+03
8.027399999999999636e+03 1.046539070405616258e+03
8.031600000000000364e+03 1.048115425294770603e+03
8.035800000000000182e+03 1.045815360512212465e+03
8.040000000000000000e+03 1.041188007502059236e+03
8.044199999999999818e+03 1.038789461792419161e+03
8.048399999999999636e+03 1.040720597318874525e+03
8.052600000000000364e+03 1.044193537951591452e+03
8.056800000000000182e+03 1.044200961565603166e+03
8.061000000000000000e+03 1.040829067590727163e+03
8.065199999999999818e+03 1.038271592754240828e+03
8.069399999999999636e+03 1.037907778594633783e+03
8.073600000000000364e+03 1.036646765701998447e+03
8.077800000000000182e+03 1.032540421764490020e+03
8.082000000000000000e+03 1.026577077170125222e+03
8.086199999999999818e+03 1.022191575185665897e+03
8.090399999999999636e+03 1.021205784747692974e+03
8.094600000000000364e+03 1.020954692033025935e+03
8.098800000000000182e+03 1.020600804518334485e+03
8.103000000000000000e+03 1.020792750040328201e+03
8.107199999999999818e+03 1.019256479139968974e+03
8.111399999999999636e+03 1.016458420226847124e+03
8.115600000000000364e+03 1.014256939416018781e+03
8.119800000000000182e+03 1.011231501946340927e+03
8.124000000000000000e+03 1.004915223118312724e+03
8.128199999999999818e+03 9.996235805699412822e+02
8.132399999999999636e+03 1.001723336442606751e+03
8.136600000000000364e+03 1.004068452769375540e+03
8.140800000000000182e+03 1.006150816875607575e+03
8.145000000000000000e+03 1.007346953699029541e+03
8.149199999999999818e+03 1.006846585734426185e+03
8.153399999999999636e+03 1.004078705527270245e+03
8.157600000000000364e+03 1.001309743341147509e+03
8.161800000000000182e+03 9.993954268929819591e+02
8.166000000000000000e+03 9.967414145464308604e+02
8.170199999999999818e+03 9.917538133291928943e+02
8.174399999999999636e+03 9.885837878851713185e+02
8.178600000000000364e+03 9.835293361997313468e+02
8.182800000000000182e+03 9.804137235116409101e+02
8.187000000000000000e+03 9.795614241218554525e+02
8.191199999999999818e+03 9.778273823088850349e+02
8.195399999999999636e+03 9.755576613062910383e+02
8.199600000000000364e+03 9.759957379888825244e+02
8.203799999999999272e+03 9.736864500589408635e+02
8.208000000000000000e+03 9.678912398556474272e+02
8.212200000000000728e+03 9.660291232184082446e+02
8.216399999999999636e+03 9.743121242184794255e+02
8.220600000000000364e+03 9.777644012765101706e+02
8.224799999999999272e+03 9.729232064523102963e+02
8.229000000000000000e+03 9.706510531197865248e+02
8.233200000000000728e+03 9.741636583520780732e+02
8.237399999999999636e+03 9.785453192944063403e+02
8.241600000000000364e+03 9.743571796514729613e+02
8.245799999999999272e+03 9.630296554601533217e+02
8.250000000000000000e+03 9.635568820204167650e+02
8.254200000000000728e+03 9.653288357815740710e+02
8.258399999999999636e+03 9.628207162079232830e+02
8.262600000000000364e+03 9.598067445139682832e+02
8.266799999999999272e+03 9.606349720018886273e+02
8.271000000000000000e+03 9.597303149761684153e+02
8.275200000000000728e+03 9.615685645235046195e+02
8.279399999999999636e+03 9.641564804702079527e+02
8.283600000000000364e+03 9.638002083472717914e+02
8.287799999999999272e+03 9.624955501323025828e+02
8.292000000000000000e+03 9.574027440051343092e+02
8.296200000000000728e+03 9.566891052658495482e+02
8.300399999999999636e+03 9.519786558838292194e+02
8.304600000000000364e+03 9.466726203909372543e+02
8.308799999999999272e+03 9.424376858937265524e+02
8.313000000000000000e+03 9.424399633526031721e+02
8.317200000000000728e+03 9.410895802446848393e+02
8.321399999999999636e+03 9.360530390848330171e+02
8.325600000000000364e+03 9.261262023405379296e+02
8.329799999999999272e+03 9.227416133083085015e+02
8.334000000000000000e+03 9.209886168498477446e+02
8.338200000000000728e+03 9.264812593208926046e+02
8.342399999999999636e+03 9.345601008114778097e+02
8.346600000000000364e+03 9.359961291975935183e+02
8.350799999999999272e+03 9.363648223842163816e+02
8.355000000000000000e+03 9.351652195226473623e+02
8.359200000000000728e+03 9.336751978918379109e+02
8.363399999999999636e+03 9.338035438399356281e+02
8.367600000000000364e+03 9.357922242788932863e+02
8.371799999999999272e+03 9.364564073426232653e+02
8.376000000000000000e+03 9.341570965604345247e+02
8.380200000000000728e+03 9.309974418716952869e+02
8.384399999999999636e+03 9.285414088293107397e+02
8.388600000000000364e+03 9.270652077071756594e+02
8.392799999999999272e+03 9.272898512867689078e+02
8.397000000000000000e+03 9.275919016022673986e+02
8.401200000000000728e+03 9.276723393558086173e+02
8.405399999999999636e+03 9.289503086836297143e+02
8.409600000000000364e+03 9.291173634667983379e+02
8.413799999999999272e+03 9.265329868539362224e+02
8.418000000000000000e+03 9.244925417778885048e+02
8.422200000000000728e+03 9.244983792501523112e+02
8.426399999999999636e+03 9.237641680631239751e+02
8.430600000000000364e+03 9.199501327057645312e+02
8.434799999999999272e+03 9.139273539217326743e+02
8.439000000000000000e+03 9.084463429345728400e+02
8.443200000000000728e+03 9.056639918760523642e+02
8.447399999999999636e+03 9.066906476584267693e+02
8.451600000000000364e+03 9.107504318428411807e+02
8.455799999999999272e+03 9.141718628855094266e+02
8.460000000000000000e+03 9.114241431680168262e+02
8.464200000000000728e+03 9.038438790437428452e+02
8.468399999999999636e+03 9.021993871579611550e+02
8.472600000000000364e+03 9.085814125068986868e+02
8.476799999999999272e+03 9.141666665788907267e+02
8.481000000000000000e+03 9.149284415042717455e+02
8.485200000000000728e+03 9.112238707103297202e+02
8.489399999999999636e+03 8.990073880427937638e+02
8.493600000000000364e+03 8.787263427517381160e+02
8.497799999999999272e+03 8.648170508740965943e+02
8.502000000000000000e+03 8.673992722872097829e+02
8.506200000000000728e+03 8.797718772673996455e+02
8.510399999999999636e+03 8.912372066167504272e+02
8.514600000000000364e+03 9.004026278912599537e+02
8.518799999999999272e+03 9.081224460844194937e+02
8.523000000000000000e+03 9.088752515134995065e+02
8.527200000000000728e+03 8.994900348774268650e+02
8.531399999999999636e+03 8.837321310564444730e+02
8.535600000000000364e+03 8.618449579711680144e+02
8.539799999999999272e+03 8.375020046532164315e+02
8.544000000000000000e+03 8.280084623485489601e+02
8.548200000000000728e+03 8.426668421840352039e+02
8.552399999999999636e+03 8.673716936980910077e+02
8.556600000000000364e+03 8.875785419129935008e+02
8.560799999999999272e+03 9.006344449359283999e+02
8.565000000000000000e+03 9.053792150870846172e+02
8.569200000000000728e+03 9.034428735385444043e+02
8.573399999999999636e+03 9.004157467879431351e+02
8.577600000000000364e+03 8.974735848836112382e+02
8.581799999999999272e+03 8.888172539940678689e+02
8.586000000000000000e+03 8.716607416649645756e+02
8.590200000000000728e+03 8.523200482648975367e+02
8.594399999999999636e+03 8.378497207962209359e+02
8.598600000000000364e+03 8.334926260304777088e+02
8.602799999999999272e+03 8.424528461505992709e+02
8.607000000000000000e+03 8.608780780145904146e+02
8.611200000000000728e+03 8.794879683347127184e+02
8.615399999999999636e+03 8.906075304395092189e+02
8.619600000000000364e+03 8.961382809174835984e+02
8.623799999999999272e+03 9.013301584942306590e+02
8.628000000000000000e+03 9.036182255682310824e+02
8.632200000000000728e+03 9.014679000475993007e+02
8.636399999999999636e+03 8.981476900106416679e+02
8.640600000000000364e+03 8.926422796487119058e+02
8.644799999999999272e+03 8.804472763864625904e+02
8.649000000000000000e+03 8.622663945588644765e+02
8.653200000000000728e+03 8.377139961538360922e+02
8.657399999999999636e+03 8.035229530552421693e+02
8.661600000000000364e+03 7.734941032203460054e+02
8.665799999999999272e+03 7.708394475041554870e+02
8.670000000000000000e+03 7.934490779031714283e+02
8.674200000000000728e+03 8.198801877796371400e+02
8.678399999999999636e+03 8.404617006691501047e+02
8.682600000000000364e+03 8.554953768076466076e+02
8.686799999999999272e+03 8.651862511643845437e+02
8.691000000000000000e+03 8.727819476729979442e+02
8.695200000000000728e+03 8.798205533150057818e+02
8.699399999999999636e+03 8.838094771792042366e+02
8.703600000000000364e+03 8.840145389551151993e+02
8.707799999999999272e+03 8.826252823421855283e+02
8.712000000000000000e+03 8.808247743253355111e+02
8.716200000000000728e+03 8.783728042330711787e+02
8.720399999999999636e+03 8.750088432692451761e+02
8.724600000000000364e+03 8.687487747124564521e+02
8.728799999999999272e+03 8.572592287800733857e+02
8.733000000000000000e+03 8.400910044882321017e+02
8.737200000000000728e+03 8.167943040555259131e+02
8.741399999999999636e+03 7.887716037431461018e+02
8.745600000000000364e+03 7.630588517678046401e+02
8.749799999999999272e+03 7.530104485150284290e+02
8.754000000000000000e+03 7.650118636644782555e+02
8.758200000000000728e+03 7.885396538861513136e+02
8.762399999999999636e+03 8.111013148030102684e+02
8.766600000000000364e+03 8.291915590539886125e+02
8.770799999999999272e+03 8.432237666997143606e+02
8.775000000000000000e+03 8.534675326035511489e+02
8.779200000000000728e+03 8.601444055849788128e+02
8.783399999999999636e+03 8.631214951117804048e+02
8.787600000000000364e+03 8.642525992270484494e+02
8.791799999999999272e+03 8.660713151772924903e+02
8.796000000000000000e+03 8.665443867162191509e+02
8.800200000000000728e+03 8.637899960684973166e+02
8.804399999999999636e+03 8.605452752238157927e+02
8.808600000000000364e+03 8.597248432602900721e+02
8.812799999999999272e+03 8.623298629975623726e+02
8.817000000000000000e+03 8.649511354699498042e+02
8.821200000000000728e+03 8.618385519160492549e+02
8.825399999999999636e+03 8.548235101387039094e+02
8.829600000000000364e+03 8.489990330905325209e+02
8.833799999999999272e+03 8.433078243043923976e+02
8.838000000000000000e+03 8.347900428307747234e+02
8.842200000000000728e+03 8.214111370534160415e+02
8.846399999999999636e+03 7.997460606415754683e+02
8.850600000000000364e+03 7.692718276142386458e+02
8.854799999999999272e+03 7.348991447015009726e+02
8.859000000000000000e+03 7.081085713231988166e+02
8.863200000000000728e+03 7.019467312384207389e+02
8.867399999999999636e+03 7.173723867104499732e+02
8.871600000000000364e+03 7.451116439606990980e+02
8.875799999999999272e+03 7.751080359155380393e+02
8.880000000000000000e+03 7.976260386564459850e+02
8.884200000000000728e+03 8.096113746752522502e+02
8.888399999999999636e+03 8.165035425093559525e+02
8.892600000000000364e+03 8.251249879194940604e+02
8.896799999999999272e+03 8.350752250080031445e+02
8.901000000000000000e+03 8.386710514235295477e+02
8.905200000000000728e+03 8.339459414441208764e+02
8.909399999999999636e+03 8.302336648547021696e+02
8.913600000000000364e+03 8.324668963544172584e+02
8.917799999999999272e+03 8.337998225577173343e+02
8.922000000000000000e+03 8.297300459180937651e+02
8.926200000000000728e+03 8.258097914972953504e+02
8.930399999999999636e+03 8.259836129606900386e+02
8.934600000000000364e+03 8.260056665976927661e+02
8.938799999999999272e+03 8.227024944091444922e+02
8.943000000000000000e+03 8.169562379398512348e+02
8.947200000000000728e+03 8.105558861694701136e+02
8.951399999999999636e+03 8.127543938964441850e+02
8.955600000000000364e+03 8.112895451408317058e+02
8.959799999999999272e+03 8.034680723596097778e+02
8.964000000000000000e+03 7.938556845821312891e+02
8.968200000000000728e+03 7.882403904570876421e+02
8.972399999999999636e+03 7.881193696799299460e+02
8.976600000000000364e+03 7.869760361862761329e+02
8.980799999999999272e+03 7.787950903040605226e+02
8.985000000000000000e+03 7.731808551009523853e+02
8.989200000000000728e+03 7.678832042900104398e+02
8.993399999999999636e+03 7.591462214899402170e+02
8.997600000000000364e+03 7.504191191551127531e+02
9.001799999999999272e+03 7.295625546804802752e+02
9.006000000000000000e+03 6.966158785378167977e+02
9.010200000000000728e+03 6.649062150322564548e+02
9.014399999999999636e+03 6.490222775312608974e+02
9.018600000000000364e+03 6.606189149894311186e+02
9.022799999999999272e+03 6.931681398326912813e+02
9.027000000000000000e+03 7.324641441405827891e+02
9.031200000000000728e+03 7.598123261230579146e+02
9.035399999999999636e+03 7.626521297102450490e+02
9.039600000000000364e+03 7.590997139286153015e+02
9.043799999999999272e+03 7.667951471147256370e+02
9.048000000000000000e+03 7.732075229931501781e+02
9.052200000000000728e+03 7.758557324219358406e+02
9.056399999999999636e+03 7.595459679762494716e+02
9.060600000000000364e+03 7.518571581259623144e+02
9.064799999999999272e+03 7.505174626610757969e+02
9.069000000000000000e+03 7.501747650375275498e+02
9.073200000000000728e+03 7.521496997913318410e+02
9.077399999999999636e+03 7.537065824887487224e+02
9.081600000000000364e+03 7.486873854955032357e+02
9.085799999999999272e+03 7.439759716213027332e+02
9.090000000000000000e+03 7.395192583879492076e+02
9.094200000000000728e+03 7.433275899511315856e+02
9.098399999999999636e+03 7.497685206736151713e+02
9.102600000000000364e+03 7.544080904802731311e+02
9.106799999999999272e+03 7.568776080312794647e+02
9.111000000000000000e+03 7.573439517718923071e+02
9.115200000000000728e+03 7.559496155331900127e+02
9.119399999999999636e+03 7.535650084945708613e+02
9.123600000000000364e+03 7.523445541059415973e+02
9.127799999999999272e+03 7.490745178531559532e+02
9.132000000000000000e+03 7.472767135366397042e+02
9.136200000000000728e+03 7.475600053781648739e+02
9.140399999999999636e+03 7.586803771776567373e+02
9.144600000000000364e+03 7.586541324264306922e+02
9.148799999999999272e+03 7.539472949476148642e+02
9.153000000000000000e+03 7.478703748496299113e+02
9.157200000000000728e+03 7.445259775887761862e+02
9.161399999999999636e+03 7.446180571676453610e+02
9.165600000000000364e+03 7.421085830260102512e+02
9.169799999999999272e+03 7.382195252754263493e+02
9.174000000000000000e+03 7.348450670270160572e+02
9.178200000000000728e+03 7.357363620763007930e+02
9.182399999999999636e+03 7.355443094647874887e+02
9.186600000000000364e+03 7.341750829520602792e+02
9.190799999999999272e+03 7.272749406764064588e+02
9.195000000000000000e+03 7.233255194152134209e+02
9.199200000000000728e+03 7.213551434740487593e+02
9.203399999999999636e+03 7.197549478595591381e+02
9.207600000000000364e+03 7.075552638178728557e+02
9.211799999999999272e+03 6.910862529800700713e+02
9.216000000000000000e+03 6.686399519057090401e+02
9.220200000000000728e+03 6.383172358417508576e+02
9.224399999999999636e+03 5.946822836294678609e+02
9.228600000000000364e+03 5.732573208316930504e+02
9.232799999999999272e+03 5.805750906826657456e+02
9.237000000000000000e+03 6.369823041500878844e+02
9.241200000000000728e+03 6.590168452889965920e+02
9.245399999999999636e+03 6.963472160043072563e+02
9.249600000000000364e+03 6.986173236494195180e+02
9.253799999999999272e+03 6.986457745805403192e+02
9.258000000000000000e+03 7.004850999555629869e+02
9.262200000000000728e+03 7.057468454897046968e+02
9.266399999999999636e+03 7.096352300696174780e+02
9.270600000000000364e+03 7.111964315792993148e+02
9.274799999999999272e+03 7.152932850269544360e+02
9.279000000000000000e+03 7.128446676680204064e+02
9.283200000000000728e+03 7.106403131464523995e+02
9.287399999999999636e+03 7.113526495800224438e+02
9.291600000000000364e+03 7.117905930205387222e+02
9.295799999999999272e+03 7.125177900092694472e+02
9.300000000000000000e+03 7.125303334361177576e+02
9.304200000000000728e+03 7.129042112558311146e+02
9.308399999999999636e+03 7.119658776639191728e+02
9.312600000000000364e+03 7.067069398942942371e+02
9.316799999999999272e+03 6.998930955099368703e+02
9.321000000000000000e+03 6.986766653408384400e+02
9.325200000000000728e+03 7.026789516778879943e+02
9.329399999999999636e+03 7.078770410158684854e+02
9.333600000000000364e+03 7.108842380189847745e+02
9.337799999999999272e+03 7.064218423776276268e+02
9.342000000000000000e+03 7.003925676168189511e+02
9.346200000000000728e+03 7.055099029537622073e+02
9.350399999999999636e+03 7.153340119009541240e+02
9.354600000000000364e+03 7.174618464161211477e+02
9.358799999999999272e+03 7.131434898034973457e+02
9.363000000000000000e+03 7.076381003230475244e+02
9.367200000000000728e+03 7.058195261509669081e+02
9.371399999999999636e+03 7.087226362569720095e+02
9.375600000000000364e+03 7.069474202310370856e+02
9.379799999999999272e+03 7.005096109863262654e+02
9.384000000000000000e+03 7.012247826477505441e+02
9.388200000000000728e+03 7.047719143706202658e+02
9.392399999999999636e+03 6.996294705022363587e+02
9.396600000000000364e+03 6.872579539427778172e+02
9.400799999999999272e+03 6.764748082221403820e+02
9.405000000000000000e+03 6.737699768606034922e+02
9.409200000000000728e+03 6.735345135112654589e+02
9.413399999999999636e+03 6.764508205749446006e+02
9.417600000000000364e+03 6.813413926662078666e+02
9.421799999999999272e+03 6.899116722002747792e+02
9.426000000000000000e+03 6.893414349682132070e+02
9.430200000000000728e+03 6.799225540583533984e+02
9.434399999999999636e+03 6.748584399572105212e+02
9.438600000000000364e+03 6.772267308532328798e+02
9.442799999999999272e+03 6.820303045150500338e+02
9.447000000000000000e+03 6.863559833249407802e+02
9.451200000000000728e+03 6.888986722142882400e+02
9.455399999999999636e+03 6.804895227349337574e+02
9.459600000000000364e+03 6.738445334275088499e+02
9.463799999999999272e+03 6.710426862549438738e+02
9.468000000000000000e+03 6.725316944829057775e+02
9.472200000000000728e+03 6.697728454880643767e+02
9.476399999999999636e+03 6.712348344746277462e+02
9.480600000000000364e+03 6.774942408918715273e+02
9.484799999999999272e+03 6.775243363322929326e+02
9.489000000000000000e+03 6.731755927883031063e+02
9.493200000000000728e+03 6.694528481751259505e+02
9.497399999999999636e+03 6.680112796210621582e+02
9.501600000000000364e+03 6.682820063374801975e+02
9.505799999999999272e+03 6.696747273460428005e+02
9.510000000000000000e+03 6.669115223157458558e+02
9.514200000000000728e+03 6.588896742312927017e+02
9.518399999999999636e+03 6.523390120490071240e+02
9.522600000000000364e+03 6.510977141782623221e+02
9.526799999999999272e+03 6.502721565730726070e+02
9.531000000000000000e+03 6.410092780913884098e+02
9.535200000000000728e+03 6.188161524188295743e+02
9.539399999999999636e+03 5.798119143389482133e+02
9.543600000000000364e+03 5.511893247598511607e+02
9.547799999999999272e+03 5.458466237589245793e+02
9.552000000000000000e+03 5.577051143598894214e+02
9.556200000000000728e+03 5.814585940325940783e+02
9.560399999999999636e+03 6.109154777844296405e+02
9.564600000000000364e+03 6.309509961976372097e+02
9.568799999999999272e+03 6.457052239176936155e+02
9.573000000000000000e+03 6.480568968488108794e+02
9.577200000000000728e+03 6.535580089087957276e+02
9.581399999999999636e+03 6.531656124931726026e+02
9.585600000000000364e+03 6.485428119267023703e+02
9.589799999999999272e+03 6.453839414867068172e+02
9.594000000000000000e+03 6.457937334435823686e+02
9.598200000000000728e+03 6.403444715077212095e+02
9.602399999999999636e+03 6.347835569675254419e+02
9.606600000000000364e+03 6.357492242352708445e+02
9.610799999999999272e+03 6.387900977888112948e+02
9.615000000000000000e+03 6.382732999977115469e+02
9.619200000000000728e+03 6.373461189704325989e+02
9.623399999999999636e+03 6.366315818374204127e+02
9.627600000000000364e+03 6.363926838326760844e+02
9.631799999999999272e+03 6.371568295288736863e+02
9.636000000000000000e+03 6.355587058887432477e+02
9.640200000000000728e+03 6.353736011818564293e+02
9.644399999999999636e+03 6.359732163500358411e+02
9.648600000000000364e+03 6.380175867592528220e+02
9.652799999999999272e+03 6.356274420009821142e+02
9.657000000000000000e+03 6.295769102902356735e+02
9.661200000000000728e+03 6.298644676783874274e+02
9.665399999999999636e+03 6.332826515589481460e+02
9.669600000000000364e+03 6.313006500489431119e+02
9.673799999999999272e+03 6.309036587510607887e+02
9.678000000000000000e+03 6.374204890248402080e+02
9.682200000000000728e+03 6.392241229354583538e+02
9.686399999999999636e+03 6.362626884017679458e+02
9.690600000000000364e+03 6.316782444700810402e+02
9.694799999999999272e+03 6.337522969147687490e+02
9.699000000000000000e+03 6.339329650761357016e+02
9.703200000000000728e+03 6.335768328766021114e+02
9.707399999999999636e+03 6.347100923078705819e+02
9.711600000000000364e+03 6.349619219278922628e+02
9.715799999999999272e+03 6.322780747140130870e+02
9.720000000000000000e+03 6.303949491872139106e+02
9.724200000000000728e+03 6.369267510331063704e+02
9.728399999999999636e+03 6.392200909727628186e+02
9.732600000000000364e+03 6.346108680628627781e+02
9.736799999999999272e+03 6.295362690601663189e+02
9.741000000000000000e+03 6.260804865002646693e+02
9.745200000000000728e+03 6.277167848630314211e+02
9.749399999999999636e+03 6.262525057874887580e+02
9.753600000000000364e+03 6.281615835476784468e+02
9.757799999999999272e+03 6.335624505649030880e+02
9.762000000000000000e+03 6.312997946778225469e+02
9.766200000000000728e+03 6.310416536321451986e+02
9.770399999999999636e+03 6.244599163430375484e+02
9.774600000000000364e+03 6.253501618638075570e+02
9.778799999999999272e+03 6.319898843637967047e+02
9.783000000000000000e+03 6.322504507944312309e+02
9.787200000000000728e+03 6.287417918130770431e+02
9.791399999999999636e+03 6.264864310205083484e+02
9.795600000000000364e+03 6.261280635291349199e+02
9.799799999999999272e+03 6.229925164356578762e+02
9.804000000000000000e+03 6.189429913873408395e+02
9.808200000000000728e+03 6.229922279360215498e+02
9.812399999999999636e+03 6.266524863132319751e+02
9.816600000000000364e+03 6.322008343547499862e+02
9.820799999999999272e+03 6.386979485166775703e+02
9.825000000000000000e+03 6.430727940375131766e+02
9.829200000000000728e+03 6.442062155717084124e+02
9.833399999999999636e+03 6.407046020978847309e+02
9.837600000000000364e+03 6.360260954871141621e+02
9.841799999999999272e+03 6.379757691405828837e+02
9.846000000000000000e+03 6.417732214890760361e+02
9.850200000000000728e+03 6.382093428029919551e+02
9.854399999999999636e+03 6.318076516564069607e+02
9.858600000000000364e+03 6.306360054254827219e+02
9.862799999999999272e+03 6.291421783672561787e+02
9.867000000000000000e+03 6.242506429322996837e+02
9.871200000000000728e+03 6.266966198238988000e+02
9.875399999999999636e+03 6.372470937450490283e+02
9.879600000000000364e+03 6.423009018457640877e+02
9.883799999999999272e+03 6.361468149387653739e+02
9.888000000000000000e+03 6.294139138718707045e+02
9.892200000000000728e+03 6.283874141803282782e+02
9.896399999999999636e+03 6.322469944619537046e+02
9.900600000000000364e+03 6.373562154371794577e+02
9.904799999999999272e+03 6.402031895999052722e+02
9.909000000000000000e+03 6.331951765377719994e+02
9.913200000000000728e+03 6.210771025982985520e+02
9.917399999999999636e+03 6.179048365758814043e+02
9.921600000000000364e+03 6.258147957903817087e+02
9.925799999999999272e+03 6.345972919225964688e+02
9.930000000000000000e+03 6.325440249667877879e+02
9.934200000000000728e+03 6.213888503333579365e+02
9.938399999999999636e+03 6.158235745963917225e+02
9.942600000000000364e+03 6.231280757410000888e+02
9.946799999999999272e+03 6.341653125000846103e+02
9.951000000000000000e+03 6.325338944746258676e+02
9.955200000000000728e+03 6.167842509645663540e+02
9.959399999999999636e+03 6.052278498566299731e+02
9.963600000000000364e+03 6.076264728364992607e+02
9.967799999999999272e+03 6.161218684826494609e+02
9.972000000000000000e+03 6.236956500079188572e+02
9.976200000000000728e+03 6.249812098026956164e+02
9.980399999999999636e+03 6.214316374334678130e+02
9.984600000000000364e+03 6.185173873793373787e+02
9.988799999999999272e+03 6.179347511168640494e+02
9.993000000000000000e+03 6.194488911910893876e+02
9.997200000000000728e+03 6.200582549055378649e+02
1.000139999999999964e+04 6.145364690764707802e+02
1.000560000000000036e+04 6.063047644956237718e+02
1.000979999999999927e+04 6.042358019612514681e+02
1.001400000000000000e+04 6.041796323767738386e+02
1.001820000000000073e+04 6.055944126603019413e+02
1.002239999999999964e+04 6.073650414622653670e+02
1.002660000000000036e+04 6.085746745828361099e+02
1.003079999999999927e+04 6.042909805544419442e+02
1.003500000000000000e+04 5.894113588029896391e+02
1.003920000000000073e+04 5.557340950109585265e+02
1.004339999999999964e+04 5.172109790130513147e+02
1.004760000000000036e+04 5.060396890609994216e+02
1.005179999999999927e+04 5.025665473027930261e+02
1.005600000000000000e+04 5.147528091510802142e+02
1.006020000000000073e+04 5.349781262206059864e+02
1.006439999999999964e+04 5.555069241356256953e+02
1.006860000000000036e+04 5.649201674369239754e+02
1.007279999999999927e+04 5.671485588704554175e+02
1.007700000000000000e+04 5.723935583248913872e+02
1.008120000000000073e+04 5.809848306166551311e+02
1.008539999999999964e+04 5.973969480566929633e+02
1.008960000000000036e+04 5.994560623112430449e+02
1.009379999999999927e+04 5.902552575002230242e+02
1.009800000000000000e+04 6.012713657491074173e+02
1.010220000000000073e+04 6.068555528283613967e+02
1.010639999999999964e+04 5.942925533411696506e+02
1.011060000000000036e+04 5.892388819088799892e+02
1.011479999999999927e+04 5.919358657746217887e+02
1.011900000000000000e+04 5.953578206330848843e+02
1.012320000000000073e+04 5.999369632831762829e+02
1.012739999999999964e+04 5.967787185823266327e+02
1.013160000000000036e+04 5.933585218078951584e+02
1.013579999999999927e+04 6.030664798661420036e+02
1.014000000000000000e+04 6.182574306580315806e+02
1.014420000000000073e+04 6.089836721416713772e+02
1.014839999999999964e+04 5.907096986509899352e+02
1.015260000000000036e+04 5.931037951694928552e+02
1.015679999999999927e+04 6.118084250490563818e+02
1.016100000000000000e+04 6.250119946363058716e+02
1.016520000000000073e+04 6.258948803284488349e+02
1.016939999999999964e+04 6.128675042173850898e+02
1.017360000000000036e+04 5.866889899748240396e+02
1.017779999999999927e+04 5.769171239264934457e+02
1.018200000000000000e+04 5.784676402312602477e+02
1.018620000000000073e+04 5.662560519585923657e+02
1.019039999999999964e+04 5.603853738911690243e+02
1.019460000000000036e+04 5.806104848264188831e+02
1.019879999999999927e+04 5.998008876561358420e+02
1.020300000000000000e+04 5.992795823781463014e+02
1.020720000000000073e+04 5.949932048412781569e+02
1.021139999999999964e+04 5.899655837751137142e+02
1.021560000000000036e+04 5.885691515368201863e+02
1.021979999999999927e+04 5.849900255042205117e+02
1.022400000000000000e+04 5.781380763592561607e+02
1.022820000000000073e+04 5.781211150409907304e+02
1.023239999999999964e+04 5.790955620044121588e+02
1.023660000000000036e+04 5.719232974482648615e+02
1.024079999999999927e+04 5.810125128471058815e+02
1.024500000000000000e+04 5.992131412566139943e+02
1.024920000000000073e+04 5.771401910617539670e+02
1.025339999999999964e+04 5.815210692547424287e+02
1.025760000000000036e+04 5.805902463922785728e+02
1.026179999999999927e+04 6.251470159909817994e+02
1.026600000000000000e+04 6.377856373095297613e+02
1.027020000000000073e+04 6.133882502686091129e+02
1.027439999999999964e+04 6.380699848020603895e+02
1.027860000000000036e+04 6.829695225790769655e+02
1.028279999999999927e+04 7.415944602792258138e+02
