# From https://snfactory.lbl.gov/snf/snf-specstars.html
#  Wave, Flux 1e-16 erg/s/cm2/AA
3.000000000000000000e+03 2.217434219463033287e+02
3.004199999999999818e+03 1.830777520171587298e+02
3.008400000000000091e+03 1.478148594297124987e+02
3.012599999999999909e+03 1.839239609338175114e+02
3.016800000000000182e+03 3.193391874638996910e+02
3.021000000000000000e+03 4.889087435508671433e+02
3.025199999999999818e+03 6.102574237222388547e+02
3.029400000000000091e+03 6.698476106222757380e+02
3.033599999999999909e+03 7.012302189640543020e+02
3.037800000000000182e+03 7.443940603800465396e+02
3.042000000000000000e+03 8.572408046752321980e+02
3.046199999999999818e+03 1.035934811069333591e+03
3.050400000000000091e+03 1.231390135481431571e+03
3.054599999999999909e+03 1.395752967512796658e+03
3.058800000000000182e+03 1.517815877931748446e+03
3.063000000000000000e+03 1.639997783570980346e+03
3.067199999999999818e+03 1.802158828196392960e+03
3.071400000000000091e+03 1.956647060760515842e+03
3.075599999999999909e+03 2.082732769635015757e+03
3.079800000000000182e+03 2.165510158830953515e+03
3.084000000000000000e+03 2.210367650794057226e+03
3.088199999999999818e+03 2.279430827418145782e+03
3.092400000000000091e+03 2.405702533284576930e+03
3.096599999999999909e+03 2.575603673332787821e+03
3.100800000000000182e+03 2.746285879942224256e+03
3.105000000000000000e+03 2.914942858312834687e+03
3.109199999999999818e+03 3.075359824988436685e+03
3.113400000000000091e+03 3.228995297673263394e+03
3.117599999999999909e+03 3.385824701983858631e+03
3.121800000000000182e+03 3.538010375347068930e+03
3.126000000000000000e+03 3.672783319540958018e+03
3.130199999999999818e+03 3.785376490008452492e+03
3.134400000000000091e+03 3.887732878465042177e+03
3.138599999999999909e+03 4.027034162762059623e+03
3.142800000000000182e+03 4.193607359625828394e+03
3.147000000000000000e+03 4.341659585170386890e+03
3.151199999999999818e+03 4.440923777112496282e+03
3.155400000000000091e+03 4.511743614277852430e+03
3.159599999999999909e+03 4.591737415598346161e+03
3.163800000000000182e+03 4.700101224486461433e+03
3.168000000000000000e+03 4.803822023552756946e+03
3.172199999999999818e+03 4.886705121049207264e+03
3.176400000000000091e+03 4.964950008826517660e+03
3.180599999999999909e+03 5.065882886321877777e+03
3.184800000000000182e+03 5.170647429346779063e+03
3.189000000000000000e+03 5.249624213938247522e+03
3.193199999999999818e+03 5.303871743081481327e+03
3.197400000000000091e+03 5.364130234819560428e+03
3.201599999999999909e+03 5.420447122293599932e+03
3.205800000000000182e+03 5.480048543590255576e+03
3.210000000000000000e+03 5.542723189286326487e+03
3.214199999999999818e+03 5.588657068196440378e+03
3.218400000000000091e+03 5.592077937450113495e+03
3.222599999999999909e+03 5.590780596190689721e+03
3.226800000000000182e+03 5.629958041363907796e+03
3.231000000000000000e+03 5.703209678098344739e+03
3.235199999999999818e+03 5.747553028739379442e+03
3.239400000000000091e+03 5.742858279273446897e+03
3.243599999999999909e+03 5.719086579228519440e+03
3.247800000000000182e+03 5.724884112390824157e+03
3.252000000000000000e+03 5.744287669020625799e+03
3.256199999999999818e+03 5.765687643971453326e+03
3.260400000000000091e+03 5.786866796573161992e+03
3.264599999999999909e+03 5.791369867228378098e+03
3.268800000000000182e+03 5.787094259301693455e+03
3.273000000000000000e+03 5.783639885941127432e+03
3.277199999999999818e+03 5.784200815363200491e+03
3.281400000000000091e+03 5.788458276251124516e+03
3.285599999999999909e+03 5.793057978104555332e+03
3.289800000000000182e+03 5.793943584670852033e+03
3.294000000000000000e+03 5.788020558895063004e+03
3.298199999999999818e+03 5.772438040293550330e+03
3.302400000000000091e+03 5.750821708901317834e+03
3.306599999999999909e+03 5.730518671375631129e+03
3.310800000000000182e+03 5.717094378574381153e+03
3.315000000000000000e+03 5.704928282892844436e+03
3.319199999999999818e+03 5.688351319134098048e+03
3.323400000000000091e+03 5.671004914665826618e+03
3.327599999999999909e+03 5.668694122169536968e+03
3.331800000000000182e+03 5.674497473800929583e+03
3.336000000000000000e+03 5.681371270276888936e+03
3.340199999999999818e+03 5.682354332033279206e+03
3.344400000000000091e+03 5.667151531366738709e+03
3.348599999999999909e+03 5.644360044735401971e+03
3.352800000000000182e+03 5.628620383031724487e+03
3.357000000000000000e+03 5.620598617422738243e+03
3.361199999999999818e+03 5.585069026472237056e+03
3.365400000000000091e+03 5.532938894744688696e+03
3.369599999999999909e+03 5.495112090816913224e+03
3.373800000000000182e+03 5.492354831908075539e+03
3.378000000000000000e+03 5.497357293101805226e+03
3.382199999999999818e+03 5.489726196860058735e+03
3.386400000000000091e+03 5.467297970281267226e+03
3.390599999999999909e+03 5.441117936428699068e+03
3.394800000000000182e+03 5.398447319797021009e+03
3.399000000000000000e+03 5.357361169355747734e+03
3.403199999999999818e+03 5.326897124896831883e+03
3.407400000000000091e+03 5.286923381058697487e+03
3.411599999999999909e+03 5.251810452862453531e+03
3.415800000000000182e+03 5.219445730346023993e+03
3.420000000000000000e+03 5.179562078860672045e+03
3.424199999999999818e+03 5.128980038712807982e+03
3.428400000000000091e+03 5.093523120644103983e+03
3.432599999999999909e+03 5.068819874558568699e+03
3.436800000000000182e+03 5.037890634604415936e+03
3.441000000000000000e+03 5.009748333514635306e+03
3.445199999999999818e+03 4.980126537088137411e+03
3.449400000000000091e+03 4.947230400849500256e+03
3.453599999999999909e+03 4.919275929019273462e+03
3.457800000000000182e+03 4.920503157032263516e+03
3.462000000000000000e+03 4.906221232708586285e+03
3.466199999999999818e+03 4.869025161821223264e+03
3.470400000000000091e+03 4.847995247062244744e+03
3.474599999999999909e+03 4.845556078292259372e+03
3.478800000000000182e+03 4.840278289470174968e+03
3.483000000000000000e+03 4.825233183120059948e+03
3.487199999999999818e+03 4.815568253320574513e+03
3.491400000000000091e+03 4.788528092048692997e+03
3.495599999999999909e+03 4.758014852313039228e+03
3.499800000000000182e+03 4.740921901128349418e+03
3.504000000000000000e+03 4.731829197522176401e+03
3.508199999999999818e+03 4.722245552798559402e+03
3.512400000000000091e+03 4.704498319751197414e+03
3.516599999999999909e+03 4.679929504535664819e+03
3.520800000000000182e+03 4.662024415227591817e+03
3.525000000000000000e+03 4.654692674924361199e+03
3.529199999999999818e+03 4.657755781791806839e+03
3.533400000000000091e+03 4.663152787843765509e+03
3.537599999999999909e+03 4.651915359580264521e+03
3.541800000000000182e+03 4.637000978172689429e+03
3.546000000000000000e+03 4.613301006653763579e+03
3.550199999999999818e+03 4.571256758049297787e+03
3.554400000000000091e+03 4.545740651454136241e+03
3.558599999999999909e+03 4.537481902479350538e+03
3.562800000000000182e+03 4.536180918960534655e+03
3.567000000000000000e+03 4.533097248167895486e+03
3.571199999999999818e+03 4.529903067025026758e+03
3.575400000000000091e+03 4.518600885605054827e+03
3.579599999999999909e+03 4.496310100319557023e+03
3.583800000000000182e+03 4.472658341600662425e+03
3.588000000000000000e+03 4.467127888468440688e+03
3.592199999999999818e+03 4.468978215594579524e+03
3.596400000000000091e+03 4.460106989457168311e+03
3.600599999999999909e+03 4.437348109602017757e+03
3.604800000000000182e+03 4.419477283815283045e+03
3.609000000000000000e+03 4.408587760599843023e+03
3.613199999999999818e+03 4.396724481186180128e+03
3.617400000000000091e+03 4.380020934331557328e+03
3.621599999999999909e+03 4.370149475710597471e+03
3.625800000000000182e+03 4.365495706815931953e+03
3.630000000000000000e+03 4.355479807560504923e+03
3.634199999999999818e+03 4.336462614716939242e+03
3.638400000000000091e+03 4.316227910145240457e+03
3.642599999999999909e+03 4.299899332838798728e+03
3.646800000000000182e+03 4.284275225105859136e+03
3.651000000000000000e+03 4.258273862746303166e+03
3.655199999999999818e+03 4.239151761978389914e+03
3.659400000000000091e+03 4.230166749628024263e+03
3.663599999999999909e+03 4.216083019334927485e+03
3.667800000000000182e+03 4.197067582102920824e+03
3.672000000000000000e+03 4.177379293216914448e+03
3.676199999999999818e+03 4.164462860251572238e+03
3.680400000000000091e+03 4.161589227510236014e+03
3.684599999999999909e+03 4.138667714865237031e+03
3.688800000000000182e+03 4.113306163288415519e+03
3.693000000000000000e+03 4.100101796390083109e+03
3.697199999999999818e+03 4.076574335379309105e+03
3.701400000000000091e+03 4.056777730109544791e+03
3.705599999999999909e+03 4.047586878101893490e+03
3.709800000000000182e+03 4.043637923560160743e+03
3.714000000000000000e+03 4.030040920316059328e+03
3.718199999999999818e+03 4.011028627640355353e+03
3.722400000000000091e+03 3.996420478019541861e+03
3.726599999999999909e+03 3.991937153923650385e+03
3.730800000000000182e+03 3.990628671777269119e+03
3.735000000000000000e+03 3.969721527171037451e+03
3.739199999999999818e+03 3.933216610913798831e+03
3.743400000000000091e+03 3.903810992993705895e+03
3.747599999999999909e+03 3.880956671753354385e+03
3.751800000000000182e+03 3.873556514169008096e+03
3.756000000000000000e+03 3.876056397710316105e+03
3.760199999999999818e+03 3.870466960638883847e+03
3.764400000000000091e+03 3.856787627144976796e+03
3.768599999999999909e+03 3.836623363478399824e+03
3.772800000000000182e+03 3.816152204390391034e+03
3.777000000000000000e+03 3.803113485890075481e+03
3.781199999999999818e+03 3.791455440655716757e+03
3.785400000000000091e+03 3.781061132613609516e+03
3.789599999999999909e+03 3.769801746302594438e+03
3.793800000000000182e+03 3.749491646105896052e+03
3.798000000000000000e+03 3.733217851905267253e+03
3.802199999999999818e+03 3.728784972830002971e+03
3.806400000000000091e+03 3.732058178963575301e+03
3.810599999999999909e+03 3.727061237361892836e+03
3.814800000000000182e+03 3.713758910243387163e+03
3.819000000000000000e+03 3.692274134833920925e+03
3.823199999999999818e+03 3.665651890399826698e+03
3.827400000000000091e+03 3.646175341286769708e+03
3.831599999999999909e+03 3.633096433708485620e+03
3.835800000000000182e+03 3.622975065471362086e+03
3.840000000000000000e+03 3.616619386721025421e+03
3.844199999999999818e+03 3.624710333931674086e+03
3.848400000000000091e+03 3.646773940969957948e+03
3.852599999999999909e+03 3.674289858859322067e+03
3.856800000000000182e+03 3.692759446336419842e+03
3.861000000000000000e+03 3.681473269328027527e+03
3.865199999999999818e+03 3.637619865874100014e+03
3.869400000000000091e+03 3.573896737733100053e+03
3.873599999999999909e+03 3.510166446644636835e+03
3.877800000000000182e+03 3.464610698358184891e+03
3.882000000000000000e+03 3.420504708699916591e+03
3.886199999999999818e+03 3.370411747490537437e+03
3.890400000000000091e+03 3.345621000854390331e+03
3.894599999999999909e+03 3.366259063118420272e+03
3.898800000000000182e+03 3.417931384428862202e+03
3.903000000000000000e+03 3.477251892464058074e+03
3.907199999999999818e+03 3.543936814680210773e+03
3.911400000000000091e+03 3.605328086685345625e+03
3.915599999999999909e+03 3.652116435001868467e+03
3.919800000000000182e+03 3.680149297002602452e+03
3.924000000000000000e+03 3.688410564731650084e+03
3.928199999999999818e+03 3.675107711740457034e+03
3.932400000000000091e+03 3.641882081128113896e+03
3.936599999999999909e+03 3.591457061054108635e+03
3.940800000000000182e+03 3.521117078179170221e+03
3.945000000000000000e+03 3.429629764714659359e+03
3.949199999999999818e+03 3.322362361172208239e+03
3.953400000000000091e+03 3.208571627649577295e+03
3.957599999999999909e+03 3.087716794664960162e+03
3.961800000000000182e+03 2.968329849800239117e+03
3.966000000000000000e+03 2.873821800588699261e+03
3.970199999999999818e+03 2.835936385180772049e+03
3.974400000000000091e+03 2.865168094732127429e+03
3.978599999999999909e+03 2.944995924589345577e+03
3.982800000000000182e+03 3.049890574609637042e+03
3.987000000000000000e+03 3.163069856249201166e+03
3.991199999999999818e+03 3.275595553154619211e+03
3.995400000000000091e+03 3.375520300282537391e+03
3.999599999999999909e+03 3.457356275855637250e+03
4.003800000000000182e+03 3.531347891219223584e+03
4.008000000000000000e+03 3.598966705859888862e+03
4.012199999999999818e+03 3.652381274796309299e+03
4.016400000000000091e+03 3.684472656997642389e+03
4.020599999999999909e+03 3.703322366119308299e+03
4.024800000000000182e+03 3.726633177478063317e+03
4.029000000000000000e+03 3.748648501364636104e+03
4.033199999999999818e+03 3.748398346975360710e+03
4.037400000000000091e+03 3.729732606828095868e+03
4.041599999999999909e+03 3.705293349768610369e+03
4.045800000000000182e+03 3.678751350993903088e+03
4.050000000000000000e+03 3.642295760182506910e+03
4.054199999999999818e+03 3.596357991549845337e+03
4.058400000000000091e+03 3.532934258692769163e+03
4.062599999999999909e+03 3.452559138988537143e+03
4.066800000000000182e+03 3.368058490468255059e+03
4.071000000000000000e+03 3.276355736276287189e+03
4.075199999999999818e+03 3.166149367680272917e+03
4.079400000000000091e+03 3.030572455076458027e+03
4.083599999999999909e+03 2.876993392312935612e+03
4.087800000000000182e+03 2.719305343412359889e+03
4.092000000000000000e+03 2.570668078179901840e+03
4.096199999999999818e+03 2.448967085898814730e+03
4.100399999999999636e+03 2.381621844350512674e+03
4.104600000000000364e+03 2.384666073704599512e+03
4.108800000000000182e+03 2.455021221754399448e+03
4.113000000000000000e+03 2.570963054226792792e+03
4.117199999999999818e+03 2.700034581257907121e+03
4.121399999999999636e+03 2.819497547758854125e+03
4.125600000000000364e+03 2.924226563663916295e+03
4.129800000000000182e+03 3.020919933260131984e+03
4.134000000000000000e+03 3.110543721604104121e+03
4.138199999999999818e+03 3.185739805161513232e+03
4.142399999999999636e+03 3.245855549878290276e+03
4.146600000000000364e+03 3.300235776673870532e+03
4.150800000000000182e+03 3.355101310148625089e+03
4.155000000000000000e+03 3.402257643855847618e+03
4.159199999999999818e+03 3.432524501002204033e+03
4.163399999999999636e+03 3.446902340940750491e+03
4.167600000000000364e+03 3.458829831557046873e+03
4.171800000000000182e+03 3.474291830925209524e+03
4.176000000000000000e+03 3.488673085380772136e+03
4.180199999999999818e+03 3.491138937721486855e+03
4.184399999999999636e+03 3.493098786548385306e+03
4.188600000000000364e+03 3.494358653081859757e+03
4.192800000000000182e+03 3.491217946009482148e+03
4.197000000000000000e+03 3.490658126560915207e+03
4.201199999999999818e+03 3.491809491066271221e+03
4.205399999999999636e+03 3.488820567773297171e+03
4.209600000000000364e+03 3.478785035585458445e+03
4.213800000000000182e+03 3.472557271545306776e+03
4.218000000000000000e+03 3.462614185630928660e+03
4.222199999999999818e+03 3.446003005554319316e+03
4.226399999999999636e+03 3.428657146316732906e+03
4.230600000000000364e+03 3.416404809642266173e+03
4.234800000000000182e+03 3.403732691535491540e+03
4.239000000000000000e+03 3.385278644717137922e+03
4.243199999999999818e+03 3.360641993902972899e+03
4.247399999999999636e+03 3.328088981499650799e+03
4.251600000000000364e+03 3.295523841976187668e+03
4.255800000000000182e+03 3.269511236435542742e+03
4.260000000000000000e+03 3.248463987339554023e+03
4.264199999999999818e+03 3.225745670637300464e+03
4.268399999999999636e+03 3.201658688393441025e+03
4.272600000000000364e+03 3.175095426527831023e+03
4.276800000000000182e+03 3.136919485340576557e+03
4.281000000000000000e+03 3.089376218168376454e+03
4.285199999999999818e+03 3.036652262701732070e+03
4.289399999999999636e+03 2.983679427382397535e+03
4.293600000000000364e+03 2.934770129813050062e+03
4.297800000000000182e+03 2.878915060439806439e+03
4.302000000000000000e+03 2.809004549666096864e+03
4.306199999999999818e+03 2.725592098168343000e+03
4.310399999999999636e+03 2.632922686638414689e+03
4.314600000000000364e+03 2.532235986719297671e+03
4.318800000000000182e+03 2.421670600069736338e+03
4.323000000000000000e+03 2.299189585792224534e+03
4.327199999999999818e+03 2.168779092259626395e+03
4.331399999999999636e+03 2.039673579224749574e+03
4.335600000000000364e+03 1.933618708960169897e+03
4.339800000000000182e+03 1.879740175947656780e+03
4.344000000000000000e+03 1.893065416135884789e+03
4.348199999999999818e+03 1.965179528159629854e+03
4.352399999999999636e+03 2.071665584814569684e+03
4.356600000000000364e+03 2.184468972141753966e+03
4.360800000000000182e+03 2.285540474983336480e+03
4.365000000000000000e+03 2.374568807797831596e+03
4.369199999999999818e+03 2.456933516092583432e+03
4.373399999999999636e+03 2.531342166089529655e+03
4.377600000000000364e+03 2.596145946126823674e+03
4.381800000000000182e+03 2.649647816860777311e+03
4.386000000000000000e+03 2.692873794495645143e+03
4.390199999999999818e+03 2.730968204639326359e+03
4.394399999999999636e+03 2.764560399153189792e+03
4.398600000000000364e+03 2.790257697766705860e+03
4.402800000000000182e+03 2.807238679133655296e+03
4.407000000000000000e+03 2.826462017441876469e+03
4.411199999999999818e+03 2.845114553596835322e+03
4.415399999999999636e+03 2.858256159744681554e+03
4.419600000000000364e+03 2.863856975049939592e+03
4.423800000000000182e+03 2.862294302866088401e+03
4.428000000000000000e+03 2.861607268851406388e+03
4.432199999999999818e+03 2.868128175727213147e+03
4.436399999999999636e+03 2.879226703059837746e+03
4.440600000000000364e+03 2.874841764859174873e+03
4.444800000000000182e+03 2.860044606348971683e+03
4.449000000000000000e+03 2.848160395964744566e+03
4.453199999999999818e+03 2.844676296118003393e+03
4.457399999999999636e+03 2.847882305616205485e+03
4.461600000000000364e+03 2.851280813936972208e+03
4.465800000000000182e+03 2.850589728839358941e+03
4.470000000000000000e+03 2.848224438363416994e+03
4.474199999999999818e+03 2.846049621088142430e+03
4.478399999999999636e+03 2.838386238055204558e+03
4.482600000000000364e+03 2.824055848929848707e+03
4.486800000000000182e+03 2.819991714552167196e+03
4.491000000000000000e+03 2.817624692349091674e+03
4.495199999999999818e+03 2.810911786374831081e+03
4.499399999999999636e+03 2.801199542542326071e+03
4.503600000000000364e+03 2.792065702305883860e+03
4.507800000000000182e+03 2.782607659651273480e+03
4.512000000000000000e+03 2.771654374538865795e+03
4.516199999999999818e+03 2.760291333603950534e+03
4.520399999999999636e+03 2.754022741948267139e+03
4.524600000000000364e+03 2.749342669807118455e+03
4.528800000000000182e+03 2.742577892883653021e+03
4.533000000000000000e+03 2.734247455320248264e+03
4.537199999999999818e+03 2.724215175611513587e+03
4.541399999999999636e+03 2.714149361334321839e+03
4.545600000000000364e+03 2.705221447670434372e+03
4.549800000000000182e+03 2.696898749945415602e+03
4.554000000000000000e+03 2.691158036429768799e+03
4.558199999999999818e+03 2.684716927802128794e+03
4.562399999999999636e+03 2.674130131520822943e+03
4.566600000000000364e+03 2.661186490400481034e+03
4.570800000000000182e+03 2.648944244651552253e+03
4.575000000000000000e+03 2.639946087727611939e+03
4.579199999999999818e+03 2.633552803795728778e+03
4.583399999999999636e+03 2.624688291446223957e+03
4.587600000000000364e+03 2.612102209801765184e+03
4.591800000000000182e+03 2.599197779350688506e+03
4.596000000000000000e+03 2.590008650986247630e+03
4.600199999999999818e+03 2.582140249923208103e+03
4.604399999999999636e+03 2.576197558026802199e+03
4.608600000000000364e+03 2.570912073060382227e+03
4.612800000000000182e+03 2.562618780636496467e+03
4.617000000000000000e+03 2.548575510516276609e+03
4.621199999999999818e+03 2.532163389463834847e+03
4.625399999999999636e+03 2.518480906180961028e+03
4.629600000000000364e+03 2.510512083290867849e+03
4.633800000000000182e+03 2.508087503235294207e+03
4.638000000000000000e+03 2.507331553693582919e+03
4.642199999999999818e+03 2.504226230431038402e+03
4.646399999999999636e+03 2.497100751486450008e+03
4.650600000000000364e+03 2.478947220004494284e+03
4.654800000000000182e+03 2.461587077942823726e+03
4.659000000000000000e+03 2.454798412874567475e+03
4.663199999999999818e+03 2.446409587621276842e+03
4.667399999999999636e+03 2.442008723208388346e+03
4.671600000000000364e+03 2.440495185227313868e+03
4.675800000000000182e+03 2.433982220261855673e+03
4.680000000000000000e+03 2.414268392041894913e+03
4.684199999999999818e+03 2.392337209760845326e+03
4.688399999999999636e+03 2.379336901421837865e+03
4.692600000000000364e+03 2.377421479663223636e+03
4.696800000000000182e+03 2.376518065362648485e+03
4.701000000000000000e+03 2.369151057733709422e+03
4.705199999999999818e+03 2.355727642348527297e+03
4.709399999999999636e+03 2.342815538519854726e+03
4.713600000000000364e+03 2.334488852165097342e+03
4.717800000000000182e+03 2.326688282146563324e+03
4.722000000000000000e+03 2.316526588208881094e+03
4.726199999999999818e+03 2.306051824144225066e+03
4.730399999999999636e+03 2.294740194282671382e+03
4.734600000000000364e+03 2.285254996646322979e+03
4.738800000000000182e+03 2.277615948243501407e+03
4.743000000000000000e+03 2.266642384133106589e+03
4.747199999999999818e+03 2.252299792261584116e+03
4.751399999999999636e+03 2.239329843764477573e+03
4.755600000000000364e+03 2.229331322364477273e+03
4.759800000000000182e+03 2.214888383453454026e+03
4.764000000000000000e+03 2.195461113050027052e+03
4.768199999999999818e+03 2.179236317515394148e+03
4.772399999999999636e+03 2.171998798386667659e+03
4.776600000000000364e+03 2.163433279790771849e+03
4.780800000000000182e+03 2.143503036745215468e+03
4.785000000000000000e+03 2.114449759336352145e+03
4.789199999999999818e+03 2.087254024274067433e+03
4.793399999999999636e+03 2.066778388436961450e+03
4.797600000000000364e+03 2.048939726867935406e+03
4.801800000000000182e+03 2.029649846084712635e+03
4.806000000000000000e+03 2.007103285199165157e+03
4.810199999999999818e+03 1.976327832176136326e+03
4.814399999999999636e+03 1.936764936317483262e+03
4.818600000000000364e+03 1.891975473434477863e+03
4.822800000000000182e+03 1.847016394054448256e+03
4.827000000000000000e+03 1.803626705477263840e+03
4.831199999999999818e+03 1.756593298326853073e+03
4.835399999999999636e+03 1.701627291649189146e+03
4.839600000000000364e+03 1.640462543393553460e+03
4.843800000000000182e+03 1.571045810732995960e+03
4.848000000000000000e+03 1.494101261398233419e+03
4.852199999999999818e+03 1.413448104389693754e+03
4.856399999999999636e+03 1.336251955709353979e+03
4.860600000000000364e+03 1.287056136545214940e+03
4.864800000000000182e+03 1.285213485612064233e+03
4.869000000000000000e+03 1.332593546184519482e+03
4.873199999999999818e+03 1.407942062174185594e+03
4.877399999999999636e+03 1.488265817001929918e+03
4.881600000000000364e+03 1.559412008039625562e+03
4.885800000000000182e+03 1.617401659475451197e+03
4.890000000000000000e+03 1.661236774611887768e+03
4.894199999999999818e+03 1.700755285618845164e+03
4.898399999999999636e+03 1.740270514060191317e+03
4.902600000000000364e+03 1.775220616616771849e+03
4.906800000000000182e+03 1.803103023069569872e+03
4.911000000000000000e+03 1.826995116322220611e+03
4.915199999999999818e+03 1.849996329288834431e+03
4.919399999999999636e+03 1.871375679779848042e+03
4.923600000000000364e+03 1.885574640739626375e+03
4.927800000000000182e+03 1.896125628508762475e+03
4.932000000000000000e+03 1.906229204392868724e+03
4.936199999999999818e+03 1.912175543598475542e+03
4.940399999999999636e+03 1.915989076031706418e+03
4.944600000000000364e+03 1.922644215539644392e+03
4.948800000000000182e+03 1.932117123127133254e+03
4.953000000000000000e+03 1.934000574497424168e+03
4.957199999999999818e+03 1.929498177388010845e+03
4.961399999999999636e+03 1.926410204422645165e+03
4.965600000000000364e+03 1.930073242586036940e+03
4.969800000000000182e+03 1.932820090680750354e+03
4.974000000000000000e+03 1.934058886021255375e+03
4.978199999999999818e+03 1.933448345179340777e+03
4.982399999999999636e+03 1.930261163966443746e+03
4.986600000000000364e+03 1.925786727961780571e+03
4.990800000000000182e+03 1.922174988581976550e+03
4.995000000000000000e+03 1.918290029865203451e+03
4.999199999999999818e+03 1.911226820958485405e+03
5.003399999999999636e+03 1.904367697751443302e+03
5.007600000000000364e+03 1.900036715699226761e+03
5.011800000000000182e+03 1.898181739371774711e+03
5.016000000000000000e+03 1.896418568835607175e+03
5.020199999999999818e+03 1.891904525182821999e+03
5.024399999999999636e+03 1.885180074613598208e+03
5.028600000000000364e+03 1.879105106011636053e+03
5.032800000000000182e+03 1.876350254000368523e+03
5.037000000000000000e+03 1.874309701021574938e+03
5.041199999999999818e+03 1.870877704820689587e+03
5.045399999999999636e+03 1.865374557588088692e+03
5.049600000000000364e+03 1.858520262431143692e+03
5.053800000000000182e+03 1.852717281880205064e+03
5.058000000000000000e+03 1.849232871322774827e+03
5.062199999999999818e+03 1.847424316775224952e+03
5.066399999999999636e+03 1.845297123191539640e+03
5.070600000000000364e+03 1.841121928015777939e+03
5.074800000000000182e+03 1.834270545766017904e+03
5.079000000000000000e+03 1.825546203079163661e+03
5.083199999999999818e+03 1.817200550694114099e+03
5.087399999999999636e+03 1.812481086838700776e+03
5.091600000000000364e+03 1.811076098663673974e+03
5.095800000000000182e+03 1.809208026373194343e+03
5.100000000000000000e+03 1.805480917020215657e+03
5.104199999999999818e+03 1.801498431534961355e+03
5.108399999999999636e+03 1.798206082172389870e+03
5.112600000000000364e+03 1.794393235352497413e+03
5.116800000000000182e+03 1.790574398072851181e+03
5.121000000000000000e+03 1.787012963657085493e+03
5.125199999999999818e+03 1.784381121299077222e+03
5.129399999999999636e+03 1.783775192597511705e+03
5.133600000000000364e+03 1.779267320254039532e+03
5.137800000000000182e+03 1.772339292810504276e+03
5.142000000000000000e+03 1.766221268310229107e+03
5.146199999999999818e+03 1.758182422231370992e+03
5.150399999999999636e+03 1.750521044021893886e+03
5.154600000000000364e+03 1.746366194532636655e+03
5.158800000000000182e+03 1.745773401774050399e+03
5.163000000000000000e+03 1.742436679168523369e+03
5.167199999999999818e+03 1.735876051766652381e+03
5.171399999999999636e+03 1.729103510543541461e+03
5.175600000000000364e+03 1.725694227322898087e+03
5.179800000000000182e+03 1.726168837885742732e+03
5.184000000000000000e+03 1.722389102252390785e+03
5.188199999999999818e+03 1.713435797342144497e+03
5.192399999999999636e+03 1.707280862611318298e+03
5.196600000000000364e+03 1.702843268006550034e+03
5.200800000000000182e+03 1.695543548262357263e+03
5.205000000000000000e+03 1.686676472657855129e+03
5.209199999999999818e+03 1.684578257125920572e+03
5.213399999999999636e+03 1.684500559268386269e+03
5.217600000000000364e+03 1.679931957496262839e+03
5.221800000000000182e+03 1.669232327274426325e+03
5.226000000000000000e+03 1.658893264976709588e+03
5.230199999999999818e+03 1.652816584638682343e+03
5.234399999999999636e+03 1.650408456097536828e+03
5.238600000000000364e+03 1.648431016491486389e+03
5.242800000000000182e+03 1.644518158316842118e+03
5.247000000000000000e+03 1.639785819166657802e+03
5.251199999999999818e+03 1.634211024577275339e+03
5.255399999999999636e+03 1.628297294475595891e+03
5.259600000000000364e+03 1.626701328373736942e+03
5.263800000000000182e+03 1.624600173336225453e+03
5.268000000000000000e+03 1.617833120623331297e+03
5.272199999999999818e+03 1.607909129743206677e+03
5.276399999999999636e+03 1.604108837146772885e+03
5.280600000000000364e+03 1.600791287625374025e+03
5.284800000000000182e+03 1.594836410036007237e+03
5.289000000000000000e+03 1.590237976654764907e+03
5.293199999999999818e+03 1.584180441271869086e+03
5.297399999999999636e+03 1.579078499592471644e+03
5.301600000000000364e+03 1.575285732398333494e+03
5.305800000000000182e+03 1.569002024355557523e+03
5.310000000000000000e+03 1.567430208673181824e+03
5.314199999999999818e+03 1.567117154283221907e+03
5.318399999999999636e+03 1.562482850035785759e+03
5.322600000000000364e+03 1.554825287960206197e+03
5.326800000000000182e+03 1.549431826909113852e+03
5.331000000000000000e+03 1.548345547864333639e+03
5.335199999999999818e+03 1.548459482318917026e+03
5.339399999999999636e+03 1.543008577934623645e+03
5.343600000000000364e+03 1.534466361758433777e+03
5.347800000000000182e+03 1.526324730174585284e+03
5.352000000000000000e+03 1.520831310860685562e+03
5.356199999999999818e+03 1.518559050151504607e+03
5.360399999999999636e+03 1.518710017825928617e+03
5.364600000000000364e+03 1.518079669729279885e+03
5.368800000000000182e+03 1.513598898837961542e+03
5.373000000000000000e+03 1.507646672712109876e+03
5.377199999999999818e+03 1.502051677989350765e+03
5.381399999999999636e+03 1.497030697579155913e+03
5.385600000000000364e+03 1.491794721492515919e+03
5.389800000000000182e+03 1.488044621982249737e+03
5.394000000000000000e+03 1.485263028006656896e+03
5.398199999999999818e+03 1.481382851656207777e+03
5.402399999999999636e+03 1.474686760685651279e+03
5.406600000000000364e+03 1.470783586310827332e+03
5.410800000000000182e+03 1.469218174506365813e+03
5.415000000000000000e+03 1.466818344664041661e+03
5.419199999999999818e+03 1.462456294699016553e+03
5.423399999999999636e+03 1.457934392940079533e+03
5.427600000000000364e+03 1.452678761640230732e+03
5.431800000000000182e+03 1.446297758786761960e+03
5.436000000000000000e+03 1.441870839111504438e+03
5.440199999999999818e+03 1.439817747583807432e+03
5.444399999999999636e+03 1.439120647193775312e+03
5.448600000000000364e+03 1.437339638567725842e+03
5.452800000000000182e+03 1.430612835466612523e+03
5.457000000000000000e+03 1.423788061852978672e+03
5.461199999999999818e+03 1.420015521959620628e+03
5.465399999999999636e+03 1.418121201005159037e+03
5.469600000000000364e+03 1.415931100262155724e+03
5.473800000000000182e+03 1.413980447955279260e+03
5.478000000000000000e+03 1.411566031855658821e+03
5.482199999999999818e+03 1.406408570007772596e+03
5.486399999999999636e+03 1.399723709916337157e+03
5.490600000000000364e+03 1.393803796872839939e+03
5.494800000000000182e+03 1.390495140941152840e+03
5.499000000000000000e+03 1.389971243292691724e+03
5.503199999999999818e+03 1.389705133680118706e+03
5.507399999999999636e+03 1.388289420882168315e+03
5.511600000000000364e+03 1.385025826651171428e+03
5.515800000000000182e+03 1.379368276829985007e+03
5.520000000000000000e+03 1.371687241869639820e+03
5.524199999999999818e+03 1.365005708608849091e+03
5.528399999999999636e+03 1.361765534124981059e+03
5.532600000000000364e+03 1.360262451152771973e+03
5.536800000000000182e+03 1.357349171719965170e+03
5.541000000000000000e+03 1.352947530874370386e+03
5.545199999999999818e+03 1.348984083726493509e+03
5.549399999999999636e+03 1.345306359110302992e+03
5.553600000000000364e+03 1.341788489789905498e+03
5.557800000000000182e+03 1.338478581207640445e+03
5.562000000000000000e+03 1.335436633809288878e+03
5.566199999999999818e+03 1.332010476825546903e+03
5.570399999999999636e+03 1.328435553775674634e+03
5.574600000000000364e+03 1.324957152054474136e+03
5.578800000000000182e+03 1.321331140206302280e+03
5.583000000000000000e+03 1.316394317858336308e+03
5.587199999999999818e+03 1.311682786805180513e+03
5.591399999999999636e+03 1.308145737665578508e+03
5.595600000000000364e+03 1.304439471232046344e+03
5.599800000000000182e+03 1.300289999150985750e+03
5.604000000000000000e+03 1.297086685909944663e+03
5.608199999999999818e+03 1.294846444412557730e+03
5.612399999999999636e+03 1.290280170142350016e+03
5.616600000000000364e+03 1.282987022463038784e+03
5.620800000000000182e+03 1.276241873794646381e+03
5.625000000000000000e+03 1.273022856163298684e+03
5.629199999999999818e+03 1.271194182599115493e+03
5.633399999999999636e+03 1.269778811511906952e+03
5.637600000000000364e+03 1.268319698881660997e+03
5.641800000000000182e+03 1.265545843344729519e+03
5.646000000000000000e+03 1.257394357372774493e+03
5.650199999999999818e+03 1.250240643604932302e+03
5.654399999999999636e+03 1.248073606427076584e+03
5.658600000000000364e+03 1.248392825874875371e+03
5.662800000000000182e+03 1.245967768731150500e+03
5.667000000000000000e+03 1.241683269447179100e+03
5.671199999999999818e+03 1.237004638184145506e+03
5.675399999999999636e+03 1.231323882440644184e+03
5.679600000000000364e+03 1.225309367441718223e+03
5.683800000000000182e+03 1.220516568515733979e+03
5.688000000000000000e+03 1.217368554083152048e+03
5.692199999999999818e+03 1.214397746887061430e+03
5.696399999999999636e+03 1.210944667772823550e+03
5.700600000000000364e+03 1.207380389742891566e+03
5.704800000000000182e+03 1.204182767253228349e+03
5.709000000000000000e+03 1.200928547672616560e+03
5.713199999999999818e+03 1.197121965798736028e+03
5.717399999999999636e+03 1.192955105198625915e+03
5.721600000000000364e+03 1.188431813798444409e+03
5.725800000000000182e+03 1.182237977628696626e+03
5.730000000000000000e+03 1.175904387467528750e+03
5.734199999999999818e+03 1.172626169033747374e+03
5.738399999999999636e+03 1.173912208034075547e+03
5.742600000000000364e+03 1.175244213350799328e+03
5.746800000000000182e+03 1.171356491085685775e+03
5.751000000000000000e+03 1.163843323408015522e+03
5.755199999999999818e+03 1.159269510413265834e+03
5.759399999999999636e+03 1.157728622835988062e+03
5.763600000000000364e+03 1.156414661897181986e+03
5.767800000000000182e+03 1.153572433515448665e+03
5.772000000000000000e+03 1.150070887155345417e+03
5.776199999999999818e+03 1.147151587135577529e+03
5.780399999999999636e+03 1.143829966028514264e+03
5.784600000000000364e+03 1.139773586404136040e+03
5.788800000000000182e+03 1.136904968289409453e+03
5.793000000000000000e+03 1.135382504431552661e+03
5.797199999999999818e+03 1.132808991878854840e+03
5.801399999999999636e+03 1.128983600590208425e+03
5.805600000000000364e+03 1.129366846654050505e+03
5.809800000000000182e+03 1.132762570271514733e+03
5.814000000000000000e+03 1.135426954220391963e+03
5.818199999999999818e+03 1.134686695647590341e+03
5.822399999999999636e+03 1.132299142019512828e+03
5.826600000000000364e+03 1.129761694941668566e+03
5.830800000000000182e+03 1.127148051221841115e+03
5.835000000000000000e+03 1.123485661125402657e+03
5.839199999999999818e+03 1.118671447402795138e+03
5.843399999999999636e+03 1.115388139970486691e+03
5.847600000000000364e+03 1.114237934053616982e+03
5.851800000000000182e+03 1.113151576004179788e+03
5.856000000000000000e+03 1.111688514201753378e+03
5.860199999999999818e+03 1.108093426446439025e+03
5.864399999999999636e+03 1.102376850321897564e+03
5.868600000000000364e+03 1.097155630321830131e+03
5.872800000000000182e+03 1.095496091915933903e+03
5.877000000000000000e+03 1.095201104961025294e+03
5.881199999999999818e+03 1.092892278507803439e+03
5.885399999999999636e+03 1.087930832082360439e+03
5.889600000000000364e+03 1.084510233793664383e+03
5.893800000000000182e+03 1.082287059691867626e+03
5.898000000000000000e+03 1.079035463202362052e+03
5.902199999999999818e+03 1.074794440119865840e+03
5.906399999999999636e+03 1.072396885189891236e+03
5.910600000000000364e+03 1.070705702772074574e+03
5.914800000000000182e+03 1.066824857308559103e+03
5.919000000000000000e+03 1.061081089825307345e+03
5.923199999999999818e+03 1.056789429406306681e+03
5.927399999999999636e+03 1.054214009043563692e+03
5.931600000000000364e+03 1.051297282248532611e+03
5.935800000000000182e+03 1.048737351070028808e+03
5.940000000000000000e+03 1.045577826840809621e+03
5.944199999999999818e+03 1.041229413622495485e+03
5.948399999999999636e+03 1.036394082940870703e+03
5.952600000000000364e+03 1.033265323555460327e+03
5.956800000000000182e+03 1.032169963907853798e+03
5.961000000000000000e+03 1.031874810999925330e+03
5.965199999999999818e+03 1.030479214908069480e+03
5.969399999999999636e+03 1.026426585586635611e+03
5.973600000000000364e+03 1.021920186515966179e+03
5.977800000000000182e+03 1.019714261555686107e+03
5.982000000000000000e+03 1.020000623720961812e+03
5.986199999999999818e+03 1.016292708073559652e+03
5.990399999999999636e+03 1.010047060980423112e+03
5.994600000000000364e+03 1.006108541476252640e+03
5.998800000000000182e+03 1.005468545946569066e+03
6.003000000000000000e+03 1.004126822007533065e+03
6.007199999999999818e+03 1.002455428733886379e+03
6.011399999999999636e+03 1.001986801135794281e+03
6.015600000000000364e+03 9.986179160477125833e+02
6.019800000000000182e+03 9.946198662595405722e+02
6.024000000000000000e+03 9.910312023254822407e+02
6.028199999999999818e+03 9.875655903258965509e+02
6.032399999999999636e+03 9.865179508754388280e+02
6.036600000000000364e+03 9.886725035555654131e+02
6.040800000000000182e+03 9.906228474284667982e+02
6.045000000000000000e+03 9.873716295023065186e+02
6.049199999999999818e+03 9.815973284924348263e+02
6.053399999999999636e+03 9.756420496029317064e+02
6.057600000000000364e+03 9.714312499077539087e+02
6.061800000000000182e+03 9.698533002651350898e+02
6.066000000000000000e+03 9.685553464181367644e+02
6.070199999999999818e+03 9.654354772334862673e+02
6.074399999999999636e+03 9.604316890280870211e+02
6.078600000000000364e+03 9.558684411911685856e+02
6.082800000000000182e+03 9.540479005486866981e+02
6.087000000000000000e+03 9.493419042985289025e+02
6.091199999999999818e+03 9.402330994351538038e+02
6.095399999999999636e+03 9.398116695307811597e+02
6.099600000000000364e+03 9.403348744860311399e+02
6.103800000000000182e+03 9.372094628710761981e+02
6.108000000000000000e+03 9.328314891837969753e+02
6.112199999999999818e+03 9.338005849299759120e+02
6.116399999999999636e+03 9.370645219727450694e+02
6.120600000000000364e+03 9.387398598038702175e+02
6.124800000000000182e+03 9.375046515178861455e+02
6.129000000000000000e+03 9.349965577996497359e+02
6.133199999999999818e+03 9.307370466276693151e+02
6.137399999999999636e+03 9.261138875871971550e+02
6.141600000000000364e+03 9.241409173263998582e+02
6.145800000000000182e+03 9.242392512860309353e+02
6.150000000000000000e+03 9.242873796707137899e+02
6.154199999999999818e+03 9.220490886462036997e+02
6.158399999999999636e+03 9.165865227839773297e+02
6.162600000000000364e+03 9.095221822877892919e+02
6.166800000000000182e+03 9.046186294900776375e+02
6.171000000000000000e+03 9.040119302317622214e+02
6.175199999999999818e+03 9.058393837986604922e+02
6.179399999999999636e+03 9.071615568387688882e+02
6.183600000000000364e+03 9.066475195034573744e+02
6.187800000000000182e+03 9.044586538714694370e+02
6.192000000000000000e+03 9.012626207421717481e+02
6.196199999999999818e+03 8.991712242155894046e+02
6.200399999999999636e+03 8.991866274778685693e+02
6.204600000000000364e+03 9.003630790545173568e+02
6.208800000000000182e+03 9.000650825758518749e+02
6.213000000000000000e+03 8.965252950556806582e+02
6.217199999999999818e+03 8.908479358573639502e+02
6.221399999999999636e+03 8.859577366806519194e+02
6.225600000000000364e+03 8.830124517511726481e+02
6.229800000000000182e+03 8.825697661832027734e+02
6.234000000000000000e+03 8.818437857599121799e+02
6.238199999999999818e+03 8.765539800119710208e+02
6.242399999999999636e+03 8.686204842587842450e+02
6.246600000000000364e+03 8.630299372083683238e+02
6.250800000000000182e+03 8.618308733609701449e+02
6.255000000000000000e+03 8.621734137051255402e+02
6.259199999999999818e+03 8.637013475312460287e+02
6.263399999999999636e+03 8.652168302692182351e+02
6.267600000000000364e+03 8.643919445536081412e+02
6.271800000000000182e+03 8.584773735320202377e+02
6.276000000000000000e+03 8.597800919526904408e+02
6.280199999999999818e+03 8.575240432248142497e+02
6.284399999999999636e+03 8.522708111183345636e+02
6.288600000000000364e+03 8.515012934151251329e+02
6.292800000000000182e+03 8.523724350656287925e+02
6.297000000000000000e+03 8.515259120016419274e+02
6.301199999999999818e+03 8.501327089952637834e+02
6.305399999999999636e+03 8.479611787112135062e+02
6.309600000000000364e+03 8.437807226286138302e+02
6.313800000000000182e+03 8.395829551779311259e+02
6.318000000000000000e+03 8.354221996581364920e+02
6.322199999999999818e+03 8.319185224331695281e+02
6.326399999999999636e+03 8.314420009482099658e+02
6.330600000000000364e+03 8.325752719066496184e+02
6.334800000000000182e+03 8.307673856527572980e+02
6.339000000000000000e+03 8.268214810186402701e+02
6.343199999999999818e+03 8.272417506769131705e+02
6.347399999999999636e+03 8.335535773292306203e+02
6.351600000000000364e+03 8.384380411203690073e+02
6.355800000000000182e+03 8.379860894022466482e+02
6.360000000000000000e+03 8.335948510690885769e+02
6.364199999999999818e+03 8.284181707301078177e+02
6.368399999999999636e+03 8.236535741983897196e+02
6.372600000000000364e+03 8.198831033015402454e+02
6.376800000000000182e+03 8.169729221765711600e+02
6.381000000000000000e+03 8.150340737653672250e+02
6.385199999999999818e+03 8.151250592337689795e+02
6.389399999999999636e+03 8.157500327231465462e+02
6.393600000000000364e+03 8.166770104086685933e+02
6.397800000000000182e+03 8.173572807658911188e+02
6.402000000000000000e+03 8.137929348642798004e+02
6.406199999999999818e+03 8.076966256342835777e+02
6.410399999999999636e+03 8.031986969857824761e+02
6.414600000000000364e+03 8.024945559254759928e+02
6.418800000000000182e+03 8.000508055604268520e+02
6.423000000000000000e+03 7.956634539277704334e+02
6.427199999999999818e+03 7.913664346013479189e+02
6.431399999999999636e+03 7.882613124894585326e+02
6.435600000000000364e+03 7.821448115374425925e+02
6.439800000000000182e+03 7.760907285451958160e+02
6.444000000000000000e+03 7.743729806914823257e+02
6.448199999999999818e+03 7.772849452354728328e+02
6.452399999999999636e+03 7.785288119707294072e+02
6.456600000000000364e+03 7.777812889985524407e+02
6.460800000000000182e+03 7.765271776557802923e+02
6.465000000000000000e+03 7.733715582560267876e+02
6.469199999999999818e+03 7.658577278930571310e+02
6.473399999999999636e+03 7.559487752634587423e+02
6.477600000000000364e+03 7.478749764653389320e+02
6.481800000000000182e+03 7.439127492785930826e+02
6.486000000000000000e+03 7.442440410247268119e+02
6.490199999999999818e+03 7.453377097121089037e+02
6.494399999999999636e+03 7.428603639813413793e+02
6.498600000000000364e+03 7.322538137780056786e+02
6.502800000000000182e+03 7.245568399057033275e+02
6.507000000000000000e+03 7.159845340805213709e+02
6.511199999999999818e+03 7.085380598317356089e+02
6.515399999999999636e+03 7.014279828676125135e+02
6.519600000000000364e+03 6.929842314687937233e+02
6.523800000000000182e+03 6.830428945547834019e+02
6.528000000000000000e+03 6.721233188834153225e+02
6.532199999999999818e+03 6.594506613094499698e+02
6.536399999999999636e+03 6.443651027932278339e+02
6.540600000000000364e+03 6.270729609956208606e+02
6.544800000000000182e+03 6.084214200726700028e+02
6.549000000000000000e+03 5.875370709808277070e+02
6.553199999999999818e+03 5.634227895910554480e+02
6.557399999999999636e+03 5.390212688411195359e+02
6.561600000000000364e+03 5.202184500816255195e+02
6.565800000000000182e+03 5.168659890006656497e+02
6.570000000000000000e+03 5.317585917125855985e+02
6.574199999999999818e+03 5.568361610074346117e+02
6.578399999999999636e+03 5.807653538944985030e+02
6.582600000000000364e+03 5.999766155672658670e+02
6.586800000000000182e+03 6.147411724220901306e+02
6.591000000000000000e+03 6.270679893796101396e+02
6.595199999999999818e+03 6.394952375106802265e+02
6.599399999999999636e+03 6.495735758936179991e+02
6.603600000000000364e+03 6.557944501435470102e+02
6.607800000000000182e+03 6.601634493805025841e+02
6.612000000000000000e+03 6.658916436576154183e+02
6.616199999999999818e+03 6.713546553933492760e+02
6.620399999999999636e+03 6.758165060366710577e+02
6.624600000000000364e+03 6.808350949459372714e+02
6.628800000000000182e+03 6.862706455154067271e+02
6.633000000000000000e+03 6.887177248250533239e+02
6.637199999999999818e+03 6.870549069359104806e+02
6.641399999999999636e+03 6.859966250181945497e+02
6.645600000000000364e+03 6.878676095835603519e+02
6.649800000000000182e+03 6.917482792376581529e+02
6.654000000000000000e+03 6.947229751665429376e+02
6.658199999999999818e+03 6.941472091239126030e+02
6.662399999999999636e+03 6.916141143918911212e+02
6.666600000000000364e+03 6.912902932231697832e+02
6.670800000000000182e+03 6.947001850311265798e+02
6.675000000000000000e+03 6.971828809610036615e+02
6.679199999999999818e+03 6.972882687135406741e+02
6.683399999999999636e+03 6.957838532713657287e+02
6.687600000000000364e+03 6.937974136075600882e+02
6.691800000000000182e+03 6.918936575817267567e+02
6.696000000000000000e+03 6.902689922123410042e+02
6.700199999999999818e+03 6.890674283800539115e+02
6.704399999999999636e+03 6.887306649819154245e+02
6.708600000000000364e+03 6.880333014585082765e+02
6.712800000000000182e+03 6.864957272838877316e+02
6.717000000000000000e+03 6.837456212831959874e+02
6.721199999999999818e+03 6.803675898615996402e+02
6.725399999999999636e+03 6.791051369708593484e+02
6.729600000000000364e+03 6.798024926782397870e+02
6.733800000000000182e+03 6.802504349158888317e+02
6.738000000000000000e+03 6.788647232346462488e+02
6.742199999999999818e+03 6.781690913543951638e+02
6.746399999999999636e+03 6.784925448604017220e+02
6.750600000000000364e+03 6.782729611488066439e+02
6.754800000000000182e+03 6.767313023071561702e+02
6.759000000000000000e+03 6.737400459429591137e+02
6.763199999999999818e+03 6.703055167652802311e+02
6.767399999999999636e+03 6.674481914905683198e+02
6.771600000000000364e+03 6.653507673436707819e+02
6.775800000000000182e+03 6.640428390280178519e+02
6.780000000000000000e+03 6.637398104707903030e+02
6.784199999999999818e+03 6.637858184356881566e+02
6.788399999999999636e+03 6.642421110200730254e+02
6.792600000000000364e+03 6.634270470539031521e+02
6.796800000000000182e+03 6.612600311935970012e+02
6.801000000000000000e+03 6.590763153018195908e+02
6.805199999999999818e+03 6.577236648922822724e+02
6.809399999999999636e+03 6.556794341523269622e+02
6.813600000000000364e+03 6.529019808877974356e+02
6.817800000000000182e+03 6.509516626369255619e+02
6.822000000000000000e+03 6.487745790673286592e+02
6.826199999999999818e+03 6.463135154043625334e+02
6.830399999999999636e+03 6.446574111624441912e+02
6.834600000000000364e+03 6.448089401299832844e+02
6.838800000000000182e+03 6.439222748707786650e+02
6.843000000000000000e+03 6.405782294273137722e+02
6.847199999999999818e+03 6.369527661225913562e+02
6.851399999999999636e+03 6.350656283230197232e+02
6.855600000000000364e+03 6.287157130510043999e+02
6.859800000000000182e+03 6.346734732570732831e+02
6.864000000000000000e+03 6.325148191691503143e+02
6.868199999999999818e+03 6.297430573931517301e+02
6.872399999999999636e+03 6.289156420459513583e+02
6.876600000000000364e+03 6.273844190535681946e+02
6.880800000000000182e+03 6.243201979349192925e+02
6.885000000000000000e+03 6.223423644463257460e+02
6.889199999999999818e+03 6.217269152824294451e+02
6.893399999999999636e+03 6.206379032907817646e+02
6.897600000000000364e+03 6.194428489883115390e+02
6.901800000000000182e+03 6.193448267352422363e+02
6.906000000000000000e+03 6.199948851981342841e+02
6.910199999999999818e+03 6.205603455664005423e+02
6.914399999999999636e+03 6.202521162660530081e+02
6.918600000000000364e+03 6.173689875557425921e+02
6.922800000000000182e+03 6.126009764459172402e+02
6.927000000000000000e+03 6.070813335393002035e+02
6.931199999999999818e+03 6.013847257647593096e+02
6.935399999999999636e+03 5.975444630249866123e+02
6.939600000000000364e+03 5.969753213847599227e+02
6.943800000000000182e+03 5.976388862123762920e+02
6.948000000000000000e+03 5.984634545672403192e+02
6.952199999999999818e+03 5.973773335435397485e+02
6.956399999999999636e+03 5.949988987017831050e+02
6.960600000000000364e+03 5.932310858326744665e+02
6.964800000000000182e+03 5.929580304365640586e+02
6.969000000000000000e+03 5.935486556588214171e+02
6.973199999999999818e+03 5.944304000009052515e+02
6.977399999999999636e+03 5.945577068007193020e+02
6.981600000000000364e+03 5.934598313145864950e+02
6.985800000000000182e+03 5.910564473171103828e+02
6.990000000000000000e+03 5.885710588759847042e+02
6.994199999999999818e+03 5.869771037271236764e+02
6.998399999999999636e+03 5.858949193654332248e+02
7.002600000000000364e+03 5.849067265009680341e+02
7.006800000000000182e+03 5.833078379580025512e+02
7.011000000000000000e+03 5.809159762021268989e+02
7.015199999999999818e+03 5.792968147953686184e+02
7.019399999999999636e+03 5.791049431316396294e+02
7.023600000000000364e+03 5.797993369894825264e+02
7.027800000000000182e+03 5.800460415885216889e+02
7.032000000000000000e+03 5.789213025583022727e+02
7.036199999999999818e+03 5.765976972879440154e+02
7.040399999999999636e+03 5.747918295746810600e+02
7.044600000000000364e+03 5.746144959423194223e+02
7.048800000000000182e+03 5.744164627207828744e+02
7.053000000000000000e+03 5.725922782852396722e+02
7.057199999999999818e+03 5.698760479259819931e+02
7.061399999999999636e+03 5.678473825200074998e+02
7.065600000000000364e+03 5.678938427345258333e+02
7.069800000000000182e+03 5.692289750992781592e+02
7.074000000000000000e+03 5.692606230118992698e+02
7.078199999999999818e+03 5.674290879218107193e+02
7.082399999999999636e+03 5.646409247592187057e+02
7.086600000000000364e+03 5.629183615613704887e+02
7.090800000000000182e+03 5.620497806587592322e+02
7.095000000000000000e+03 5.598458395514714994e+02
7.099199999999999818e+03 5.575071376954082325e+02
7.103399999999999636e+03 5.567557523636047563e+02
7.107600000000000364e+03 5.565898693365993495e+02
7.111800000000000182e+03 5.549453096794875364e+02
7.116000000000000000e+03 5.528780852484482011e+02
7.120199999999999818e+03 5.520327826566852991e+02
7.124399999999999636e+03 5.517732788926887224e+02
7.128600000000000364e+03 5.511638970479190220e+02
7.132800000000000182e+03 5.501297876111342475e+02
7.137000000000000000e+03 5.480874543040708886e+02
7.141199999999999818e+03 5.457262723585256481e+02
7.145399999999999636e+03 5.441318699966334407e+02
7.149600000000000364e+03 5.430224250069805976e+02
7.153800000000000182e+03 5.410328886078724508e+02
7.158000000000000000e+03 5.375042055451949636e+02
7.162199999999999818e+03 5.377400289450423543e+02
7.166399999999999636e+03 5.416355539752681807e+02
7.170600000000000364e+03 5.445656721016875963e+02
7.174800000000000182e+03 5.442690713457990341e+02
7.179000000000000000e+03 5.437776431488457547e+02
7.183199999999999818e+03 5.426968960160816096e+02
7.187399999999999636e+03 5.405870330116123341e+02
7.191600000000000364e+03 5.379057753762897391e+02
7.195800000000000182e+03 5.357313812967018976e+02
7.200000000000000000e+03 5.346483881501532096e+02
7.204199999999999818e+03 5.334254505228921062e+02
7.208399999999999636e+03 5.305905352762636085e+02
7.212600000000000364e+03 5.264844634037320930e+02
7.216800000000000182e+03 5.231423935528474658e+02
7.221000000000000000e+03 5.247863916515412939e+02
7.225199999999999818e+03 5.264844010472836544e+02
7.229399999999999636e+03 5.277894990350257558e+02
7.233600000000000364e+03 5.266817565711108955e+02
7.237800000000000182e+03 5.267057970190504648e+02
7.242000000000000000e+03 5.260078357823068700e+02
7.246199999999999818e+03 5.241029706889167983e+02
7.250399999999999636e+03 5.221764973380843458e+02
7.254600000000000364e+03 5.208567678430631531e+02
7.258800000000000182e+03 5.186132324301227072e+02
7.263000000000000000e+03 5.161657294306816084e+02
7.267199999999999818e+03 5.151468275547505300e+02
7.271399999999999636e+03 5.140497863748776126e+02
7.275600000000000364e+03 5.136456638066847518e+02
7.279800000000000182e+03 5.143116462610410053e+02
7.284000000000000000e+03 5.150215249872737786e+02
7.288199999999999818e+03 5.129094385002906620e+02
7.292399999999999636e+03 5.103925069830286816e+02
7.296600000000000364e+03 5.090309359055613072e+02
7.300800000000000182e+03 5.106935253774967123e+02
7.305000000000000000e+03 5.106799582192189177e+02
7.309199999999999818e+03 5.059010300011451591e+02
7.313399999999999636e+03 5.019663445252184601e+02
7.317600000000000364e+03 4.995971158700224919e+02
7.321800000000000182e+03 4.971569687752037794e+02
7.326000000000000000e+03 4.931504412665859718e+02
7.330199999999999818e+03 4.897310117778921494e+02
7.334399999999999636e+03 4.872996186242587555e+02
7.338600000000000364e+03 4.874777765709817459e+02
7.342800000000000182e+03 4.882495551071979776e+02
7.347000000000000000e+03 4.881723473244358615e+02
7.351199999999999818e+03 4.870491364675513637e+02
7.355399999999999636e+03 4.860720665309933111e+02
7.359600000000000364e+03 4.851821707661008531e+02
7.363800000000000182e+03 4.840667868375445551e+02
7.368000000000000000e+03 4.831722909629415312e+02
7.372199999999999818e+03 4.825641307204776354e+02
7.376399999999999636e+03 4.819570488129926389e+02
7.380600000000000364e+03 4.818300889083928951e+02
7.384800000000000182e+03 4.818987267179592777e+02
7.389000000000000000e+03 4.812535228182615015e+02
7.393199999999999818e+03 4.798619837328473636e+02
7.397399999999999636e+03 4.779110242839191756e+02
7.401600000000000364e+03 4.757447808211019833e+02
7.405800000000000182e+03 4.748553069021626243e+02
7.410000000000000000e+03 4.750122817784811673e+02
7.414199999999999818e+03 4.735617977786762935e+02
7.418399999999999636e+03 4.722160685717072397e+02
7.422600000000000364e+03 4.724992681320408110e+02
7.426800000000000182e+03 4.741216610375619780e+02
7.431000000000000000e+03 4.743760255173210680e+02
7.435199999999999818e+03 4.726372475151189292e+02
7.439399999999999636e+03 4.691518507962260287e+02
7.443600000000000364e+03 4.661301560451966566e+02
7.447800000000000182e+03 4.656817766390824431e+02
7.452000000000000000e+03 4.661133719890459588e+02
7.456199999999999818e+03 4.656741786978761866e+02
7.460399999999999636e+03 4.642383648606521547e+02
7.464600000000000364e+03 4.627262888812181814e+02
7.468800000000000182e+03 4.617634930255848644e+02
7.473000000000000000e+03 4.610364794129431516e+02
7.477199999999999818e+03 4.595568671203836288e+02
7.481399999999999636e+03 4.569613871196993955e+02
7.485600000000000364e+03 4.548498143453263083e+02
7.489800000000000182e+03 4.548296967723899797e+02
7.494000000000000000e+03 4.566693635630505241e+02
7.498199999999999818e+03 4.583309808134630998e+02
7.502399999999999636e+03 4.586789650739088415e+02
7.506600000000000364e+03 4.576639512547686195e+02
7.510800000000000182e+03 4.560252178842316653e+02
7.515000000000000000e+03 4.537736619789316705e+02
7.519199999999999818e+03 4.510139568391498415e+02
7.523399999999999636e+03 4.480607992036376572e+02
7.527600000000000364e+03 4.457837030937682243e+02
7.531800000000000182e+03 4.441357130607454451e+02
7.536000000000000000e+03 4.432201283296955125e+02
7.540199999999999818e+03 4.436939672320521026e+02
7.544399999999999636e+03 4.440458769647911481e+02
7.548600000000000364e+03 4.431721181402826915e+02
7.552800000000000182e+03 4.453129095794735122e+02
7.557000000000000000e+03 4.442325838494621166e+02
7.561199999999999818e+03 4.429878383425821653e+02
7.565399999999999636e+03 4.422842401591355497e+02
7.569600000000000364e+03 4.414356396159222982e+02
7.573800000000000182e+03 4.395067905937672208e+02
7.578000000000000000e+03 4.366123870546925332e+02
7.582199999999999818e+03 4.407768561597885082e+02
7.586399999999999636e+03 4.435410084998989078e+02
7.590600000000000364e+03 4.408441098055492944e+02
7.594800000000000182e+03 4.351836508741279772e+02
7.599000000000000000e+03 4.298811140553851260e+02
7.603199999999999818e+03 4.276420723445546628e+02
7.607399999999999636e+03 4.306859956121868436e+02
7.611600000000000364e+03 4.350561776095298683e+02
7.615800000000000182e+03 4.349929254792263578e+02
7.620000000000000000e+03 4.319040853628690115e+02
7.624199999999999818e+03 4.263602361762705755e+02
7.628399999999999636e+03 4.201751267605563953e+02
7.632600000000000364e+03 4.189365469162089539e+02
7.636800000000000182e+03 4.222351852824098728e+02
7.641000000000000000e+03 4.253092765565894524e+02
7.645199999999999818e+03 4.270350796320846598e+02
7.649399999999999636e+03 4.276716987646556163e+02
7.653600000000000364e+03 4.267973682786034146e+02
7.657800000000000182e+03 4.253762276346823228e+02
7.662000000000000000e+03 4.251801290623814111e+02
7.666199999999999818e+03 4.248200095509401990e+02
7.670399999999999636e+03 4.223040340298991282e+02
7.674600000000000364e+03 4.199076202856471127e+02
7.678800000000000182e+03 4.200244214510665870e+02
7.683000000000000000e+03 4.212768440883419316e+02
7.687199999999999818e+03 4.168548837871587125e+02
7.691399999999999636e+03 4.152201862150066063e+02
7.695600000000000364e+03 4.143318153360633573e+02
7.699800000000000182e+03 4.146506642334606454e+02
7.704000000000000000e+03 4.137258972461232815e+02
7.708199999999999818e+03 4.126969941245262703e+02
7.712399999999999636e+03 4.123463577547625505e+02
7.716600000000000364e+03 4.127178737781888458e+02
7.720800000000000182e+03 4.132383792021539648e+02
7.725000000000000000e+03 4.133826819235143262e+02
7.729199999999999818e+03 4.129677754897475097e+02
7.733399999999999636e+03 4.119915479937146756e+02
7.737600000000000364e+03 4.107491799310436136e+02
7.741800000000000182e+03 4.097560356663019547e+02
7.746000000000000000e+03 4.086450752450447794e+02
7.750199999999999818e+03 4.070646926028942403e+02
7.754399999999999636e+03 4.062495147711347840e+02
7.758600000000000364e+03 4.064232370262646441e+02
7.762800000000000182e+03 4.060172266195394855e+02
7.767000000000000000e+03 4.050705264565775110e+02
7.771199999999999818e+03 4.046514327716629396e+02
7.775399999999999636e+03 4.041064424528159407e+02
7.779600000000000364e+03 4.030572332753595788e+02
7.783800000000000182e+03 4.024666675738653225e+02
7.788000000000000000e+03 4.022289905249054982e+02
7.792199999999999818e+03 4.011742717243976131e+02
7.796399999999999636e+03 3.990368735269492504e+02
7.800600000000000364e+03 3.965237798031389502e+02
7.804800000000000182e+03 3.945714860126361145e+02
7.809000000000000000e+03 3.945176241456310322e+02
7.813199999999999818e+03 3.968837997172618657e+02
7.817399999999999636e+03 3.990327909664453045e+02
7.821600000000000364e+03 3.978451337659750493e+02
7.825800000000000182e+03 3.945043219098367331e+02
7.830000000000000000e+03 3.922850257382774544e+02
7.834199999999999818e+03 3.917346120675870793e+02
7.838399999999999636e+03 3.915600817387679626e+02
7.842600000000000364e+03 3.912488955932213344e+02
7.846800000000000182e+03 3.910102011069777745e+02
7.851000000000000000e+03 3.902467545678223928e+02
7.855199999999999818e+03 3.880420235634837809e+02
7.859399999999999636e+03 3.851575980604824281e+02
7.863600000000000364e+03 3.836033813673343502e+02
7.867800000000000182e+03 3.842082017144286397e+02
7.872000000000000000e+03 3.857083882687546748e+02
7.876199999999999818e+03 3.856095521059972953e+02
7.880399999999999636e+03 3.832310861574827072e+02
7.884600000000000364e+03 3.803802183189248467e+02
7.888800000000000182e+03 3.784629438114594109e+02
7.893000000000000000e+03 3.779941243659075667e+02
7.897199999999999818e+03 3.782709420558251736e+02
7.901399999999999636e+03 3.777332006852593622e+02
7.905600000000000364e+03 3.770158265672162656e+02
7.909800000000000182e+03 3.772682432673201447e+02
7.914000000000000000e+03 3.769165114557290508e+02
7.918199999999999818e+03 3.747592149894555860e+02
7.922399999999999636e+03 3.723606010347445476e+02
7.926600000000000364e+03 3.717640312759609742e+02
7.930800000000000182e+03 3.731429656544790987e+02
7.935000000000000000e+03 3.745410231528024951e+02
7.939199999999999818e+03 3.741655247517963971e+02
7.943399999999999636e+03 3.724812273103877942e+02
7.947600000000000364e+03 3.711805855384791926e+02
7.951800000000000182e+03 3.709286321529440329e+02
7.956000000000000000e+03 3.707009558144618495e+02
7.960199999999999818e+03 3.690670688655650338e+02
7.964399999999999636e+03 3.667373371969525238e+02
7.968600000000000364e+03 3.656799934947026713e+02
7.972800000000000182e+03 3.659380041404199915e+02
7.977000000000000000e+03 3.664561972858837748e+02
7.981199999999999818e+03 3.663067039438980714e+02
7.985399999999999636e+03 3.642939039143720947e+02
7.989600000000000364e+03 3.616256114543551803e+02
7.993800000000000182e+03 3.609397375133055448e+02
7.998000000000000000e+03 3.607866466183486409e+02
8.002199999999999818e+03 3.588809877968877231e+02
8.006399999999999636e+03 3.573178296062098980e+02
8.010600000000000364e+03 3.576112413106360464e+02
8.014800000000000182e+03 3.582018922140890140e+02
8.019000000000000000e+03 3.580245666677112695e+02
8.023199999999999818e+03 3.572514647616704906e+02
8.027399999999999636e+03 3.562832838001365303e+02
8.031600000000000364e+03 3.555536264953822752e+02
8.035800000000000182e+03 3.554438597809479461e+02
8.040000000000000000e+03 3.560583354601813539e+02
8.044199999999999818e+03 3.563227366471762139e+02
8.048399999999999636e+03 3.553711354791712438e+02
8.052600000000000364e+03 3.541351223118404619e+02
8.056800000000000182e+03 3.534989179730855540e+02
8.061000000000000000e+03 3.535732596798945906e+02
8.065199999999999818e+03 3.534719630614136463e+02
8.069399999999999636e+03 3.522141234557155940e+02
8.073600000000000364e+03 3.504925547785796880e+02
8.077800000000000182e+03 3.493711684614975752e+02
8.082000000000000000e+03 3.485230953603597186e+02
8.086199999999999818e+03 3.479463597455873582e+02
8.090399999999999636e+03 3.479439314197408066e+02
8.094600000000000364e+03 3.471926073930281973e+02
8.098800000000000182e+03 3.451277708162438103e+02
8.103000000000000000e+03 3.431954938256831156e+02
8.107199999999999818e+03 3.422437145092755486e+02
8.111399999999999636e+03 3.419303240532539121e+02
8.115600000000000364e+03 3.415104424676301846e+02
8.119800000000000182e+03 3.397367988205510869e+02
8.124000000000000000e+03 3.359273973954572057e+02
8.128199999999999818e+03 3.333500252386720035e+02
8.132399999999999636e+03 3.348388111913594685e+02
8.136600000000000364e+03 3.365296408458708584e+02
8.140800000000000182e+03 3.373176640370447217e+02
8.145000000000000000e+03 3.378804605125641274e+02
8.149199999999999818e+03 3.387250391878515643e+02
8.153399999999999636e+03 3.383262979940265041e+02
8.157600000000000364e+03 3.360751817177816747e+02
8.161800000000000182e+03 3.334950236455115373e+02
8.166000000000000000e+03 3.326400241715157335e+02
8.170199999999999818e+03 3.322185504956317459e+02
8.174399999999999636e+03 3.315075959854632970e+02
8.178600000000000364e+03 3.302108342138266721e+02
8.182800000000000182e+03 3.302063204017280782e+02
8.187000000000000000e+03 3.307498637388978864e+02
8.191199999999999818e+03 3.310321652661414760e+02
8.195399999999999636e+03 3.313637099168525424e+02
8.199600000000000364e+03 3.317660340102953569e+02
8.203799999999999272e+03 3.297183564553952806e+02
8.208000000000000000e+03 3.259256641560806429e+02
8.212200000000000728e+03 3.239740458211631449e+02
8.216399999999999636e+03 3.257632633352631046e+02
8.220600000000000364e+03 3.257783514554708972e+02
8.224799999999999272e+03 3.234257265551790397e+02
8.229000000000000000e+03 3.223941331883307839e+02
8.233200000000000728e+03 3.230010424507482867e+02
8.237399999999999636e+03 3.238627087210115860e+02
8.241600000000000364e+03 3.226607876617743500e+02
8.245799999999999272e+03 3.190447929175888930e+02
8.250000000000000000e+03 3.186760002403722183e+02
8.254200000000000728e+03 3.191855922018445426e+02
8.258399999999999636e+03 3.184383948110540246e+02
8.262600000000000364e+03 3.165569095358559935e+02
8.266799999999999272e+03 3.160780905808183547e+02
8.271000000000000000e+03 3.160888766745828207e+02
8.275200000000000728e+03 3.162920361108414795e+02
8.279399999999999636e+03 3.160672695496707547e+02
8.283600000000000364e+03 3.169239176760445389e+02
8.287799999999999272e+03 3.185068157935140789e+02
8.292000000000000000e+03 3.169236637457251504e+02
8.296200000000000728e+03 3.150321145465472910e+02
8.300399999999999636e+03 3.121901606913075398e+02
8.304600000000000364e+03 3.108478133335564735e+02
8.308799999999999272e+03 3.097680659423637053e+02
8.313000000000000000e+03 3.083625963717937566e+02
8.317200000000000728e+03 3.081846225111589206e+02
8.321399999999999636e+03 3.100076833123586084e+02
8.325600000000000364e+03 3.096122757587990009e+02
8.329799999999999272e+03 3.086967851395971252e+02
8.334000000000000000e+03 3.067285930105829834e+02
8.338200000000000728e+03 3.062447405936827636e+02
8.342399999999999636e+03 3.062550337825001634e+02
8.346600000000000364e+03 3.048302433039127095e+02
8.350799999999999272e+03 3.040500573282584469e+02
8.355000000000000000e+03 3.037276614173021585e+02
8.359200000000000728e+03 3.042676795182450178e+02
8.363399999999999636e+03 3.052161555641554287e+02
8.367600000000000364e+03 3.052610770563937308e+02
8.371799999999999272e+03 3.041862405834202150e+02
8.376000000000000000e+03 3.036770118654506518e+02
8.380200000000000728e+03 3.043157903690542980e+02
8.384399999999999636e+03 3.050684363945449036e+02
8.388600000000000364e+03 3.056710315139084173e+02
8.392799999999999272e+03 3.060240135431488397e+02
8.397000000000000000e+03 3.058531434266087672e+02
8.401200000000000728e+03 3.047885215766729630e+02
8.405399999999999636e+03 3.023517477371767654e+02
8.409600000000000364e+03 3.000064391916952218e+02
8.413799999999999272e+03 2.997014788115179726e+02
8.418000000000000000e+03 2.997308269466166166e+02
8.422200000000000728e+03 2.980534506381397932e+02
8.426399999999999636e+03 2.972193721019262966e+02
8.430600000000000364e+03 2.990310504111312753e+02
8.434799999999999272e+03 3.001453890834974345e+02
8.439000000000000000e+03 2.980542239691664577e+02
8.443200000000000728e+03 2.949138040332684909e+02
8.447399999999999636e+03 2.938239116001173556e+02
8.451600000000000364e+03 2.948243745183626174e+02
8.455799999999999272e+03 2.950175486715625652e+02
8.460000000000000000e+03 2.932327873649859953e+02
8.464200000000000728e+03 2.921792845257443787e+02
8.468399999999999636e+03 2.932125316634109709e+02
8.472600000000000364e+03 2.934349554260264199e+02
8.476799999999999272e+03 2.912979185963573059e+02
8.481000000000000000e+03 2.899740460001834776e+02
8.485200000000000728e+03 2.910429529505254891e+02
8.489399999999999636e+03 2.912938132340860307e+02
8.493600000000000364e+03 2.893114660409485737e+02
8.497799999999999272e+03 2.876419628247790001e+02
8.502000000000000000e+03 2.874584327651897979e+02
8.506200000000000728e+03 2.881947567415597291e+02
8.510399999999999636e+03 2.891993475072746378e+02
8.514600000000000364e+03 2.886720616239973083e+02
8.518799999999999272e+03 2.862255577170966490e+02
8.523000000000000000e+03 2.844777326191754128e+02
8.527200000000000728e+03 2.847294284361597647e+02
8.531399999999999636e+03 2.852151860942367989e+02
8.535600000000000364e+03 2.843316106749142023e+02
8.539799999999999272e+03 2.827885722548431886e+02
8.544000000000000000e+03 2.820582294144427351e+02
8.548200000000000728e+03 2.819472774858670050e+02
8.552399999999999636e+03 2.817742127179869840e+02
8.556600000000000364e+03 2.817726225943784470e+02
8.560799999999999272e+03 2.817296479811571999e+02
8.565000000000000000e+03 2.808397127248958896e+02
8.569200000000000728e+03 2.794143434890632989e+02
8.573399999999999636e+03 2.789196306863242398e+02
8.577600000000000364e+03 2.797471527228846071e+02
8.581799999999999272e+03 2.799989976693634617e+02
8.586000000000000000e+03 2.784783816559947809e+02
8.590200000000000728e+03 2.763596945697973410e+02
8.594399999999999636e+03 2.753532008241319886e+02
8.598600000000000364e+03 2.760512779153365841e+02
8.602799999999999272e+03 2.771262096752020625e+02
8.607000000000000000e+03 2.767538357280907917e+02
8.611200000000000728e+03 2.753530570780155813e+02
8.615399999999999636e+03 2.745379351452735364e+02
8.619600000000000364e+03 2.743866830809989210e+02
8.623799999999999272e+03 2.737939849628620550e+02
8.628000000000000000e+03 2.726195407508935773e+02
8.632200000000000728e+03 2.719457442039074522e+02
8.636399999999999636e+03 2.721972650566092398e+02
8.640600000000000364e+03 2.725871965870607028e+02
8.644799999999999272e+03 2.724277567668466418e+02
8.649000000000000000e+03 2.721557162544714856e+02
8.653200000000000728e+03 2.722574493494530543e+02
8.657399999999999636e+03 2.715603045940729316e+02
8.661600000000000364e+03 2.688270753051769475e+02
8.665799999999999272e+03 2.659916058827789698e+02
8.670000000000000000e+03 2.656899088208282933e+02
8.674200000000000728e+03 2.668249224719061772e+02
8.678399999999999636e+03 2.671492305715722182e+02
8.682600000000000364e+03 2.668932971525238145e+02
8.686799999999999272e+03 2.668760551017278999e+02
8.691000000000000000e+03 2.670384231620806190e+02
8.695200000000000728e+03 2.664514593626516898e+02
8.699399999999999636e+03 2.643569023083171032e+02
8.703600000000000364e+03 2.625641376824882514e+02
8.707799999999999272e+03 2.626542082262872668e+02
8.712000000000000000e+03 2.629138841315106561e+02
8.716200000000000728e+03 2.621506149970481374e+02
8.720399999999999636e+03 2.615413988579754232e+02
8.724600000000000364e+03 2.616532931244263409e+02
8.728799999999999272e+03 2.618714597983673684e+02
8.733000000000000000e+03 2.616413217405807359e+02
8.737200000000000728e+03 2.604957850063744900e+02
8.741399999999999636e+03 2.584135411071182489e+02
8.745600000000000364e+03 2.570076405982903793e+02
8.749799999999999272e+03 2.576564402654802848e+02
8.754000000000000000e+03 2.587689539110471628e+02
8.758200000000000728e+03 2.583280334840812884e+02
8.762399999999999636e+03 2.570035399977123234e+02
8.766600000000000364e+03 2.562399686042072631e+02
8.770799999999999272e+03 2.560653640606145132e+02
8.775000000000000000e+03 2.555165320438669028e+02
8.779200000000000728e+03 2.536409487551725874e+02
8.783399999999999636e+03 2.513135658714523686e+02
8.787600000000000364e+03 2.512630888342819446e+02
8.791799999999999272e+03 2.526094857484413012e+02
8.796000000000000000e+03 2.512828293106020681e+02
8.800200000000000728e+03 2.482722442150355846e+02
8.804399999999999636e+03 2.480697017329319749e+02
8.808600000000000364e+03 2.509409146558191992e+02
8.812799999999999272e+03 2.532499837923316761e+02
8.817000000000000000e+03 2.523733968156327307e+02
8.821200000000000728e+03 2.493480160746370871e+02
8.825399999999999636e+03 2.470065432874040425e+02
8.829600000000000364e+03 2.466466354970249029e+02
8.833799999999999272e+03 2.475518235158508844e+02
8.838000000000000000e+03 2.481082812849521986e+02
8.842200000000000728e+03 2.474916704275509574e+02
8.846399999999999636e+03 2.463247833745953983e+02
8.850600000000000364e+03 2.449332966851455637e+02
8.854799999999999272e+03 2.432673038995759214e+02
8.859000000000000000e+03 2.424442292603217766e+02
8.863200000000000728e+03 2.433011468065706140e+02
8.867399999999999636e+03 2.445595663777916684e+02
8.871600000000000364e+03 2.441593444511121618e+02
8.875799999999999272e+03 2.418300354025602417e+02
8.880000000000000000e+03 2.396488355829541490e+02
8.884200000000000728e+03 2.398063070839992577e+02
8.888399999999999636e+03 2.421821181841131363e+02
8.892600000000000364e+03 2.437629737744686338e+02
8.896799999999999272e+03 2.418965081520745741e+02
8.901000000000000000e+03 2.385720995875275605e+02
8.905200000000000728e+03 2.378536933448182822e+02
8.909399999999999636e+03 2.400669304168648921e+02
8.913600000000000364e+03 2.417280076128942881e+02
8.917799999999999272e+03 2.395001547515519746e+02
8.922000000000000000e+03 2.344297999274022288e+02
8.926200000000000728e+03 2.314174095915082034e+02
8.930399999999999636e+03 2.328538544558937247e+02
8.934600000000000364e+03 2.352355887425618448e+02
8.938799999999999272e+03 2.337431078236523092e+02
8.943000000000000000e+03 2.291726534544391143e+02
8.947200000000000728e+03 2.256560407381697360e+02
8.951399999999999636e+03 2.249030401256171103e+02
8.955600000000000364e+03 2.224374354834547489e+02
8.959799999999999272e+03 2.207723211576952451e+02
8.964000000000000000e+03 2.212837685290049592e+02
8.968200000000000728e+03 2.220192774395278548e+02
8.972399999999999636e+03 2.229174165877179519e+02
8.976600000000000364e+03 2.242588073048182764e+02
8.980799999999999272e+03 2.246152324702672445e+02
8.985000000000000000e+03 2.253829670377141667e+02
8.989200000000000728e+03 2.257330598123039920e+02
8.993399999999999636e+03 2.253312545878832793e+02
8.997600000000000364e+03 2.259664123735879002e+02
9.001799999999999272e+03 2.254605361445083531e+02
9.006000000000000000e+03 2.238790057165550138e+02
9.010200000000000728e+03 2.225688554265377661e+02
9.014399999999999636e+03 2.218868700958002194e+02
9.018600000000000364e+03 2.218804328042172642e+02
9.022799999999999272e+03 2.220130959060784903e+02
9.027000000000000000e+03 2.239970866233913114e+02
9.031200000000000728e+03 2.261092527121254534e+02
9.035399999999999636e+03 2.236611158993322022e+02
9.039600000000000364e+03 2.200446570128762858e+02
9.043799999999999272e+03 2.191146198324514671e+02
9.048000000000000000e+03 2.173301956055782398e+02
9.052200000000000728e+03 2.169226859567819190e+02
9.056399999999999636e+03 2.151880066826095970e+02
9.060600000000000364e+03 2.155615703918114718e+02
9.064799999999999272e+03 2.138714439824303213e+02
9.069000000000000000e+03 2.115643319293459683e+02
9.073200000000000728e+03 2.114970365427550405e+02
9.077399999999999636e+03 2.120695467586137397e+02
9.081600000000000364e+03 2.118617307590094754e+02
9.085799999999999272e+03 2.121558000359286780e+02
9.090000000000000000e+03 2.100900518619218076e+02
9.094200000000000728e+03 2.084108153855592036e+02
9.098399999999999636e+03 2.085082303922643518e+02
9.102600000000000364e+03 2.089788511067327192e+02
9.106799999999999272e+03 2.081678501056418327e+02
9.111000000000000000e+03 2.067479259236648943e+02
9.115200000000000728e+03 2.062570730581409748e+02
9.119399999999999636e+03 2.064052425878041674e+02
9.123600000000000364e+03 2.060273049978135589e+02
9.127799999999999272e+03 2.038642263510950272e+02
9.132000000000000000e+03 2.016310673428294820e+02
9.136200000000000728e+03 2.002470184694867044e+02
9.140399999999999636e+03 2.025791998588906324e+02
9.144600000000000364e+03 2.032094160243951819e+02
9.148799999999999272e+03 2.028882925976383547e+02
9.153000000000000000e+03 2.017206365712825402e+02
9.157200000000000728e+03 2.017770905130448114e+02
9.161399999999999636e+03 2.035192829099741800e+02
9.165600000000000364e+03 2.038653675636974469e+02
9.169799999999999272e+03 2.028605168868250530e+02
9.174000000000000000e+03 2.016692964147700025e+02
9.178200000000000728e+03 2.011139614293292084e+02
9.182399999999999636e+03 2.005565452388337064e+02
9.186600000000000364e+03 2.010998010609232836e+02
9.190799999999999272e+03 2.004410289869598216e+02
9.195000000000000000e+03 2.001270472023881268e+02
9.199200000000000728e+03 2.016569214235177299e+02
9.203399999999999636e+03 2.050730823170677013e+02
9.207600000000000364e+03 2.060100304104994677e+02
9.211799999999999272e+03 2.067722502587321571e+02
9.216000000000000000e+03 2.070238222135613171e+02
9.220200000000000728e+03 2.052109691440034567e+02
9.224399999999999636e+03 1.993136307701368253e+02
9.228600000000000364e+03 1.980202523530911378e+02
9.232799999999999272e+03 1.984898934868367348e+02
9.237000000000000000e+03 2.081303274379090453e+02
9.241200000000000728e+03 2.046183205808334549e+02
9.245399999999999636e+03 2.077618690604203948e+02
9.249600000000000364e+03 2.034432807266451846e+02
9.253799999999999272e+03 2.010245213813450960e+02
9.258000000000000000e+03 1.993016534999606506e+02
9.262200000000000728e+03 1.975754344732405059e+02
9.266399999999999636e+03 1.965944114405430412e+02
9.270600000000000364e+03 1.972902253623068418e+02
9.274799999999999272e+03 1.985876095047804029e+02
9.279000000000000000e+03 1.957234693103304437e+02
9.283200000000000728e+03 1.927621849990896692e+02
9.287399999999999636e+03 1.931207562677467706e+02
9.291600000000000364e+03 1.940332884464783092e+02
9.295799999999999272e+03 1.936385010845054069e+02
9.300000000000000000e+03 1.913565611045728758e+02
9.304200000000000728e+03 1.896195799483904239e+02
9.308399999999999636e+03 1.900286923046653840e+02
9.312600000000000364e+03 1.898275996337357867e+02
9.316799999999999272e+03 1.876133374565774545e+02
9.321000000000000000e+03 1.863752498948977632e+02
9.325200000000000728e+03 1.861131007191692674e+02
9.329399999999999636e+03 1.847607969342964509e+02
9.333600000000000364e+03 1.844585901829165095e+02
9.337799999999999272e+03 1.881066369731386487e+02
9.342000000000000000e+03 1.932687015065567664e+02
9.346200000000000728e+03 1.941096444723385446e+02
9.350399999999999636e+03 1.909909877987653601e+02
9.354600000000000364e+03 1.893419348887145475e+02
9.358799999999999272e+03 1.895452571810940299e+02
9.363000000000000000e+03 1.867614374655477434e+02
9.367200000000000728e+03 1.807797030714402240e+02
9.371399999999999636e+03 1.773945626786186551e+02
9.375600000000000364e+03 1.791097031095327168e+02
9.379799999999999272e+03 1.827452503316628736e+02
9.384000000000000000e+03 1.864787101253601520e+02
9.388200000000000728e+03 1.894630781263744836e+02
9.392399999999999636e+03 1.904408428870233081e+02
9.396600000000000364e+03 1.896652530642865884e+02
9.400799999999999272e+03 1.873784439892427542e+02
9.405000000000000000e+03 1.845795806402508106e+02
9.409200000000000728e+03 1.825811149916005718e+02
9.413399999999999636e+03 1.844098981340985404e+02
9.417600000000000364e+03 1.875446906515405203e+02
9.421799999999999272e+03 1.873516371925256010e+02
9.426000000000000000e+03 1.819157845988098074e+02
9.430200000000000728e+03 1.786353674352534142e+02
9.434399999999999636e+03 1.796142063558818336e+02
9.438600000000000364e+03 1.779352905555647339e+02
9.442799999999999272e+03 1.737319410877706503e+02
9.447000000000000000e+03 1.735854917177067023e+02
9.451200000000000728e+03 1.762346692092306455e+02
9.455399999999999636e+03 1.746632121913666253e+02
9.459600000000000364e+03 1.734138217638762569e+02
9.463799999999999272e+03 1.756427173123786361e+02
9.468000000000000000e+03 1.795133518998515854e+02
9.472200000000000728e+03 1.784446517409128035e+02
9.476399999999999636e+03 1.751711118721587752e+02
9.480600000000000364e+03 1.748548197363931536e+02
9.484799999999999272e+03 1.754077991450158720e+02
9.489000000000000000e+03 1.739483691767474909e+02
9.493200000000000728e+03 1.713894138886911094e+02
9.497399999999999636e+03 1.711338007340649483e+02
9.501600000000000364e+03 1.743780303170314028e+02
9.505799999999999272e+03 1.766444144790488906e+02
9.510000000000000000e+03 1.740749266483819895e+02
9.514200000000000728e+03 1.685003089769766405e+02
9.518399999999999636e+03 1.659928385252874250e+02
9.522600000000000364e+03 1.706813898591982195e+02
9.526799999999999272e+03 1.779275336222088413e+02
9.531000000000000000e+03 1.819584864335281509e+02
9.535200000000000728e+03 1.834077323054602289e+02
9.539399999999999636e+03 1.811636805375566723e+02
9.543600000000000364e+03 1.785767018672949575e+02
9.547799999999999272e+03 1.760883517792152873e+02
9.552000000000000000e+03 1.728114949337744406e+02
9.556200000000000728e+03 1.696972458353084789e+02
9.560399999999999636e+03 1.698733018442541436e+02
9.564600000000000364e+03 1.725931799079749567e+02
9.568799999999999272e+03 1.752533385536146966e+02
9.573000000000000000e+03 1.727846417585902543e+02
9.577200000000000728e+03 1.719238551395500281e+02
9.581399999999999636e+03 1.700588790841721618e+02
9.585600000000000364e+03 1.656741115198790908e+02
9.589799999999999272e+03 1.625047856028567992e+02
9.594000000000000000e+03 1.642047917902021368e+02
9.598200000000000728e+03 1.673484384834429761e+02
9.602399999999999636e+03 1.691849270839863664e+02
9.606600000000000364e+03 1.685100622016983323e+02
9.610799999999999272e+03 1.664079901537531612e+02
9.615000000000000000e+03 1.655155027660950964e+02
9.619200000000000728e+03 1.664115039537211658e+02
9.623399999999999636e+03 1.680924391489934919e+02
9.627600000000000364e+03 1.711611430847754036e+02
9.631799999999999272e+03 1.732201229667368523e+02
9.636000000000000000e+03 1.696507063005091425e+02
9.640200000000000728e+03 1.641274290404414273e+02
9.644399999999999636e+03 1.630222286343537803e+02
9.648600000000000364e+03 1.668801379469775839e+02
9.652799999999999272e+03 1.701087443149666854e+02
9.657000000000000000e+03 1.691035761068548311e+02
9.661200000000000728e+03 1.645353083136408259e+02
9.665399999999999636e+03 1.621771226632561991e+02
9.669600000000000364e+03 1.657006593378709169e+02
9.673799999999999272e+03 1.697051593937020471e+02
9.678000000000000000e+03 1.702715224370490148e+02
9.682200000000000728e+03 1.694482765270155937e+02
9.686399999999999636e+03 1.688217726741083027e+02
9.690600000000000364e+03 1.674109726680419215e+02
9.694799999999999272e+03 1.696225338016772639e+02
9.699000000000000000e+03 1.704948778388096855e+02
9.703200000000000728e+03 1.669042089033002014e+02
9.707399999999999636e+03 1.628168708808483416e+02
9.711600000000000364e+03 1.630300575437504733e+02
9.715799999999999272e+03 1.657189306398713029e+02
9.720000000000000000e+03 1.665883876641951531e+02
9.724200000000000728e+03 1.663954665359499927e+02
9.728399999999999636e+03 1.640855800303517356e+02
9.732600000000000364e+03 1.617452387648353067e+02
9.736799999999999272e+03 1.617159125857996855e+02
9.741000000000000000e+03 1.618416017581934909e+02
9.745200000000000728e+03 1.616232150620160439e+02
9.749399999999999636e+03 1.605541281566760574e+02
9.753600000000000364e+03 1.617600873425185171e+02
9.757799999999999272e+03 1.644604332249621166e+02
9.762000000000000000e+03 1.635790373521743959e+02
9.766200000000000728e+03 1.616166226653569993e+02
9.770399999999999636e+03 1.584530366349033841e+02
9.774600000000000364e+03 1.582906515020555105e+02
9.778799999999999272e+03 1.618773652155205411e+02
9.783000000000000000e+03 1.647772109630724628e+02
9.787200000000000728e+03 1.619303775314945995e+02
9.791399999999999636e+03 1.563693637639780150e+02
9.795600000000000364e+03 1.553299382604018319e+02
9.799799999999999272e+03 1.564655855768475590e+02
9.804000000000000000e+03 1.572717247406275476e+02
9.808200000000000728e+03 1.605723002056426765e+02
9.812399999999999636e+03 1.622971027654949410e+02
9.816600000000000364e+03 1.614325342775492800e+02
9.820799999999999272e+03 1.598834537645996647e+02
9.825000000000000000e+03 1.595482836567531706e+02
9.829200000000000728e+03 1.608603134989249668e+02
9.833399999999999636e+03 1.634322815086309220e+02
9.837600000000000364e+03 1.669671117483016758e+02
9.841799999999999272e+03 1.693074950133297989e+02
9.846000000000000000e+03 1.671373807094918789e+02
9.850200000000000728e+03 1.637868979246289314e+02
9.854399999999999636e+03 1.636880146479314533e+02
9.858600000000000364e+03 1.650162686643456311e+02
9.862799999999999272e+03 1.647027314908911535e+02
9.867000000000000000e+03 1.626698245727364736e+02
9.871200000000000728e+03 1.619814761015590534e+02
9.875399999999999636e+03 1.657798962419759050e+02
9.879600000000000364e+03 1.703187777364177293e+02
9.883799999999999272e+03 1.682601830678736121e+02
9.888000000000000000e+03 1.632451695253127752e+02
9.892200000000000728e+03 1.627734161103263659e+02
9.896399999999999636e+03 1.622971051489535341e+02
9.900600000000000364e+03 1.569676749274535155e+02
9.904799999999999272e+03 1.548038771177223225e+02
9.909000000000000000e+03 1.632471461961500268e+02
9.913200000000000728e+03 1.667667703973732500e+02
9.917399999999999636e+03 1.597237855244295304e+02
9.921600000000000364e+03 1.548209851860568165e+02
9.925799999999999272e+03 1.534836838710828317e+02
9.930000000000000000e+03 1.525101533383408423e+02
9.934200000000000728e+03 1.523152741097723322e+02
9.938399999999999636e+03 1.543818746689832722e+02
9.942600000000000364e+03 1.556959512839056572e+02
9.946799999999999272e+03 1.522588282904676760e+02
9.951000000000000000e+03 1.477269741006338108e+02
9.955200000000000728e+03 1.471462761618019783e+02
9.959399999999999636e+03 1.502598337816363596e+02
9.963600000000000364e+03 1.517947274714113632e+02
9.967799999999999272e+03 1.481926362140972344e+02
9.972000000000000000e+03 1.413164487100235363e+02
9.976200000000000728e+03 1.388644122678446706e+02
9.980399999999999636e+03 1.462666651425594182e+02
9.984600000000000364e+03 1.551514764461842049e+02
9.988799999999999272e+03 1.576255516642957275e+02
9.993000000000000000e+03 1.543737591932240605e+02
9.997200000000000728e+03 1.515627559469922971e+02
1.000139999999999964e+04 1.516811667930429621e+02
1.000560000000000036e+04 1.498797572564249663e+02
1.000979999999999927e+04 1.445700909901998727e+02
1.001400000000000000e+04 1.419992598173851093e+02
1.001820000000000073e+04 1.460944977136671241e+02
1.002239999999999964e+04 1.491769732808860738e+02
1.002660000000000036e+04 1.499194138413112682e+02
1.003079999999999927e+04 1.501751630552456334e+02
1.003500000000000000e+04 1.500439542743917798e+02
1.003920000000000073e+04 1.464600041595968776e+02
1.004339999999999964e+04 1.436983347124184718e+02
1.004760000000000036e+04 1.470430763545224693e+02
1.005179999999999927e+04 1.410241779900576944e+02
1.005600000000000000e+04 1.307310427823044563e+02
1.006020000000000073e+04 1.280300824822762991e+02
1.006439999999999964e+04 1.348768692490868091e+02
1.006860000000000036e+04 1.399790620591178367e+02
1.007279999999999927e+04 1.415835615558561358e+02
1.007700000000000000e+04 1.454958940698320475e+02
1.008120000000000073e+04 1.453144468963785130e+02
1.008539999999999964e+04 1.351210463230822825e+02
1.008960000000000036e+04 1.293056067764500199e+02
1.009379999999999927e+04 1.358600794102622160e+02
1.009800000000000000e+04 1.480943609413421882e+02
1.010220000000000073e+04 1.548735773982383535e+02
1.010639999999999964e+04 1.534688675481487223e+02
1.011060000000000036e+04 1.446743023432445625e+02
1.011479999999999927e+04 1.377027631606035527e+02
1.011900000000000000e+04 1.344863054202751300e+02
1.012320000000000073e+04 1.304156230403741006e+02
1.012739999999999964e+04 1.363896225781433884e+02
1.013160000000000036e+04 1.552305456514308162e+02
1.013579999999999927e+04 1.633748454793028486e+02
1.014000000000000000e+04 1.591099520010783692e+02
1.014420000000000073e+04 1.504671339114275668e+02
1.014839999999999964e+04 1.617417364803980888e+02
1.015260000000000036e+04 1.517618817958211537e+02
1.015679999999999927e+04 1.547004059169828167e+02
1.016100000000000000e+04 1.635958761554250316e+02
1.016520000000000073e+04 1.531318041047482268e+02
1.016939999999999964e+04 1.353762858010186108e+02
1.017360000000000036e+04 1.329927413599592114e+02
1.017779999999999927e+04 1.417821082213550312e+02
1.018200000000000000e+04 1.459053004770003099e+02
1.018620000000000073e+04 1.366887766515434066e+02
1.019039999999999964e+04 1.251326931301887981e+02
1.019460000000000036e+04 1.320957588720891636e+02
1.019879999999999927e+04 1.593100244009722246e+02
1.020300000000000000e+04 1.699798655606454929e+02
1.020720000000000073e+04 1.447078216237576669e+02
1.021139999999999964e+04 1.076630496398073831e+02
1.021560000000000036e+04 1.005267161286842708e+02
