# From https://snfactory.lbl.gov/snf/snf-specstars.html
#  Wave, Flux 1e-16 erg/s/cm2/AA
3.000000000000000000e+03 3.795760003683832906e+02
3.004199999999999818e+03 4.592313955736944990e+02
3.008400000000000091e+03 5.227789530919201297e+02
3.012599999999999909e+03 5.736279593069502880e+02
3.016800000000000182e+03 6.179199485300570132e+02
3.021000000000000000e+03 6.633027596539848219e+02
3.025199999999999818e+03 7.213284660844332166e+02
3.029400000000000091e+03 8.069228477835487183e+02
3.033599999999999909e+03 8.917202382822055142e+02
3.037800000000000182e+03 9.305911095848864534e+02
3.042000000000000000e+03 9.450936284471922590e+02
3.046199999999999818e+03 9.748918217087242510e+02
3.050400000000000091e+03 1.046317936293493176e+03
3.054599999999999909e+03 1.187475231643328698e+03
3.058800000000000182e+03 1.314362293938479979e+03
3.063000000000000000e+03 1.312149324231882247e+03
3.067199999999999818e+03 1.267351442995904108e+03
3.071400000000000091e+03 1.309207531004466091e+03
3.075599999999999909e+03 1.402689513621050992e+03
3.079800000000000182e+03 1.488031844633975879e+03
3.084000000000000000e+03 1.567922224145487689e+03
3.088199999999999818e+03 1.646927257672542055e+03
3.092400000000000091e+03 1.738849222629509313e+03
3.096599999999999909e+03 1.860574377257504921e+03
3.100800000000000182e+03 1.982758151302928582e+03
3.105000000000000000e+03 2.073662364922955931e+03
3.109199999999999818e+03 2.152583151348942010e+03
3.113400000000000091e+03 2.239976244520224100e+03
3.117599999999999909e+03 2.329445044379986484e+03
3.121800000000000182e+03 2.416791039963589810e+03
3.126000000000000000e+03 2.500525612702361741e+03
3.130199999999999818e+03 2.578559044889872439e+03
3.134400000000000091e+03 2.677394811381210729e+03
3.138599999999999909e+03 2.815330037144647122e+03
3.142800000000000182e+03 2.937837470888588541e+03
3.147000000000000000e+03 3.003805228443700344e+03
3.151199999999999818e+03 3.052399116072574088e+03
3.155400000000000091e+03 3.115791673026747048e+03
3.159599999999999909e+03 3.194280456943402896e+03
3.163800000000000182e+03 3.286451377045620120e+03
3.168000000000000000e+03 3.375412923774484170e+03
3.172199999999999818e+03 3.448642159617892503e+03
3.176400000000000091e+03 3.516372540903493245e+03
3.180599999999999909e+03 3.584290040568434051e+03
3.184800000000000182e+03 3.642914057044473793e+03
3.189000000000000000e+03 3.689336055851351375e+03
3.193199999999999818e+03 3.735089506072798031e+03
3.197400000000000091e+03 3.787558186885575196e+03
3.201599999999999909e+03 3.847433411596678525e+03
3.205800000000000182e+03 3.909744753938591657e+03
3.210000000000000000e+03 3.956682388566322516e+03
3.214199999999999818e+03 3.981470123762787807e+03
3.218400000000000091e+03 3.996144791966980392e+03
3.222599999999999909e+03 4.015100766626053428e+03
3.226800000000000182e+03 4.058496335574238401e+03
3.231000000000000000e+03 4.126704187578602614e+03
3.235199999999999818e+03 4.191089998734813889e+03
3.239400000000000091e+03 4.232491542979243604e+03
3.243599999999999909e+03 4.242312642457768561e+03
3.247800000000000182e+03 4.232945723068409279e+03
3.252000000000000000e+03 4.248583722543171461e+03
3.256199999999999818e+03 4.289227786685299179e+03
3.260400000000000091e+03 4.306292106772742954e+03
3.264599999999999909e+03 4.287906454252004551e+03
3.268800000000000182e+03 4.253207354207836033e+03
3.273000000000000000e+03 4.232502702702097849e+03
3.277199999999999818e+03 4.271253644213109510e+03
3.281400000000000091e+03 4.350737761499479348e+03
3.285599999999999909e+03 4.398209122793877214e+03
3.289800000000000182e+03 4.400178170910374320e+03
3.294000000000000000e+03 4.384923944731983283e+03
3.298199999999999818e+03 4.372836908872358435e+03
3.302400000000000091e+03 4.382984183924015269e+03
3.306599999999999909e+03 4.407191602943918042e+03
3.310800000000000182e+03 4.419359808071042607e+03
3.315000000000000000e+03 4.414913400733601520e+03
3.319199999999999818e+03 4.400017573832440576e+03
3.323400000000000091e+03 4.384136058071840125e+03
3.327599999999999909e+03 4.379726827025709099e+03
3.331800000000000182e+03 4.384170212585407171e+03
3.336000000000000000e+03 4.388147030981034732e+03
3.340199999999999818e+03 4.387249279665516951e+03
3.344400000000000091e+03 4.378696310022326543e+03
3.348599999999999909e+03 4.366914700944290416e+03
3.352800000000000182e+03 4.358549263559618339e+03
3.357000000000000000e+03 4.356147455820731921e+03
3.361199999999999818e+03 4.361587052869394938e+03
3.365400000000000091e+03 4.364473630894004600e+03
3.369599999999999909e+03 4.351074863402047413e+03
3.373800000000000182e+03 4.331263313848627149e+03
3.378000000000000000e+03 4.319823117464571624e+03
3.382199999999999818e+03 4.310371319334849431e+03
3.386400000000000091e+03 4.292959029927281335e+03
3.390599999999999909e+03 4.274567105412482306e+03
3.394800000000000182e+03 4.263564797004142747e+03
3.399000000000000000e+03 4.251663899352454791e+03
3.403199999999999818e+03 4.229278743609570483e+03
3.407400000000000091e+03 4.204777470660815197e+03
3.411599999999999909e+03 4.187212899687991012e+03
3.415800000000000182e+03 4.171347648497680893e+03
3.420000000000000000e+03 4.151997110552679260e+03
3.424199999999999818e+03 4.134462039867625208e+03
3.428400000000000091e+03 4.123274819738420774e+03
3.432599999999999909e+03 4.115957279054749051e+03
3.436800000000000182e+03 4.109724745276377689e+03
3.441000000000000000e+03 4.109451975335312454e+03
3.445199999999999818e+03 4.117564184158744865e+03
3.449400000000000091e+03 4.122096329941999102e+03
3.453599999999999909e+03 4.114122164106196578e+03
3.457800000000000182e+03 4.099713564014904478e+03
3.462000000000000000e+03 4.084314043277941892e+03
3.466199999999999818e+03 4.070521180334680139e+03
3.470400000000000091e+03 4.060824170365496229e+03
3.474599999999999909e+03 4.058668903763888466e+03
3.478800000000000182e+03 4.063332220096009223e+03
3.483000000000000000e+03 4.058656583865684752e+03
3.487199999999999818e+03 4.037602333292460116e+03
3.491400000000000091e+03 4.020925620618485482e+03
3.495599999999999909e+03 4.018627884165760406e+03
3.499800000000000182e+03 4.012128195011790467e+03
3.504000000000000000e+03 3.993825262427540565e+03
3.508199999999999818e+03 3.977265346635982496e+03
3.512400000000000091e+03 3.971086231093979677e+03
3.516599999999999909e+03 3.976008564254124849e+03
3.520800000000000182e+03 3.990419403868093923e+03
3.525000000000000000e+03 4.007882789117561515e+03
3.529199999999999818e+03 4.021505931599753239e+03
3.533400000000000091e+03 4.023644895382507002e+03
3.537599999999999909e+03 4.013578894246197706e+03
3.541800000000000182e+03 4.000526830995234377e+03
3.546000000000000000e+03 3.989953112844445968e+03
3.550199999999999818e+03 3.981911610157539599e+03
3.554400000000000091e+03 3.976936478210540372e+03
3.558599999999999909e+03 3.975565433650612704e+03
3.562800000000000182e+03 3.974498774712772502e+03
3.567000000000000000e+03 3.965838604974494046e+03
3.571199999999999818e+03 3.949634509937369330e+03
3.575400000000000091e+03 3.932782992669663145e+03
3.579599999999999909e+03 3.922403392854302183e+03
3.583800000000000182e+03 3.926573438560464183e+03
3.588000000000000000e+03 3.940364393459196890e+03
3.592199999999999818e+03 3.948173576785718978e+03
3.596400000000000091e+03 3.946437931529510934e+03
3.600599999999999909e+03 3.939703156530911201e+03
3.604800000000000182e+03 3.932918129933314958e+03
3.609000000000000000e+03 3.932162803099928624e+03
3.613199999999999818e+03 3.935367109391713711e+03
3.617400000000000091e+03 3.935502442066387630e+03
3.621599999999999909e+03 3.931300953851147824e+03
3.625800000000000182e+03 3.924185832037259843e+03
3.630000000000000000e+03 3.918717935746521107e+03
3.634199999999999818e+03 3.921205531646464351e+03
3.638400000000000091e+03 3.930324139135142104e+03
3.642599999999999909e+03 3.941797304715043538e+03
3.646800000000000182e+03 3.950111571057634592e+03
3.651000000000000000e+03 3.949022323914273329e+03
3.655199999999999818e+03 3.942456994606036915e+03
3.659400000000000091e+03 3.938052369566506968e+03
3.663599999999999909e+03 3.932540047667989711e+03
3.667800000000000182e+03 3.919240933718990618e+03
3.672000000000000000e+03 3.906536709106911985e+03
3.676199999999999818e+03 3.906600427796809527e+03
3.680400000000000091e+03 3.901676075954294902e+03
3.684599999999999909e+03 3.869586499533456390e+03
3.688800000000000182e+03 3.826476374958979704e+03
3.693000000000000000e+03 3.793627103180824179e+03
3.697199999999999818e+03 3.776272848360420539e+03
3.701400000000000091e+03 3.777923968993923609e+03
3.705599999999999909e+03 3.791230410468761875e+03
3.709800000000000182e+03 3.806381035830967903e+03
3.714000000000000000e+03 3.825616711509392189e+03
3.718199999999999818e+03 3.852332473760146513e+03
3.722400000000000091e+03 3.876030409573147153e+03
3.726599999999999909e+03 3.887189343476379236e+03
3.730800000000000182e+03 3.904678836361459162e+03
3.735000000000000000e+03 3.945227415770561947e+03
3.739199999999999818e+03 3.979860636975270154e+03
3.743400000000000091e+03 3.984967489896080224e+03
3.747599999999999909e+03 4.001757745159375190e+03
3.751800000000000182e+03 4.060185693541509409e+03
3.756000000000000000e+03 4.101682950913133936e+03
3.760199999999999818e+03 4.087740939102222455e+03
3.764400000000000091e+03 4.078211314727835997e+03
3.768599999999999909e+03 4.116889089893933487e+03
3.772800000000000182e+03 4.204532248977768177e+03
3.777000000000000000e+03 4.322423195148287959e+03
3.781199999999999818e+03 4.363128023243502867e+03
3.785400000000000091e+03 4.271079931454312828e+03
3.789599999999999909e+03 4.147310118282043732e+03
3.793800000000000182e+03 4.077297400690950781e+03
3.798000000000000000e+03 4.114635170022831517e+03
3.802199999999999818e+03 4.263392724147550325e+03
3.806400000000000091e+03 4.402834950580011537e+03
3.810599999999999909e+03 4.452444641614368265e+03
3.814800000000000182e+03 4.426349544891104415e+03
3.819000000000000000e+03 4.341881216018791747e+03
3.823199999999999818e+03 4.218317063188862448e+03
3.827400000000000091e+03 4.102811362991114038e+03
3.831599999999999909e+03 4.079368382612105052e+03
3.835800000000000182e+03 4.181820093763754812e+03
3.840000000000000000e+03 4.372711311736526113e+03
3.844199999999999818e+03 4.594320686723611288e+03
3.848400000000000091e+03 4.762958996574770936e+03
3.852599999999999909e+03 4.836524745373008955e+03
3.856800000000000182e+03 4.829553904636819425e+03
3.861000000000000000e+03 4.761695847519906238e+03
3.865199999999999818e+03 4.662311785507516106e+03
3.869400000000000091e+03 4.539228028157017434e+03
3.873599999999999909e+03 4.372720419140513513e+03
3.877800000000000182e+03 4.188885043711477920e+03
3.882000000000000000e+03 4.049470062642502853e+03
3.886199999999999818e+03 4.006775041378412425e+03
3.890400000000000091e+03 4.106622115114322696e+03
3.894599999999999909e+03 4.311848921982798856e+03
3.898800000000000182e+03 4.522049791064037890e+03
3.903000000000000000e+03 4.675500977794289611e+03
3.907199999999999818e+03 4.737639054984349059e+03
3.911400000000000091e+03 4.726338166163175629e+03
3.915599999999999909e+03 4.697865892561160763e+03
3.919800000000000182e+03 4.675471753378703397e+03
3.924000000000000000e+03 4.663535180367521207e+03
3.928199999999999818e+03 4.663264744880934813e+03
3.932400000000000091e+03 4.669838699103415820e+03
3.936599999999999909e+03 4.674150355614507134e+03
3.940800000000000182e+03 4.665567378397427092e+03
3.945000000000000000e+03 4.622737571325050340e+03
3.949199999999999818e+03 4.526838470844282710e+03
3.953400000000000091e+03 4.367810005894030837e+03
3.957599999999999909e+03 4.141154751301003671e+03
3.961800000000000182e+03 3.925293719362994580e+03
3.966000000000000000e+03 3.817366298068169726e+03
3.970199999999999818e+03 3.843478753542896811e+03
3.974400000000000091e+03 4.005586423493940856e+03
3.978599999999999909e+03 4.219652607268420070e+03
3.982800000000000182e+03 4.379214900799685893e+03
3.987000000000000000e+03 4.469765956124570948e+03
3.991199999999999818e+03 4.497283576086585526e+03
3.995400000000000091e+03 4.480151746514384286e+03
3.999599999999999909e+03 4.444880968621984721e+03
4.003800000000000182e+03 4.407907824656734192e+03
4.008000000000000000e+03 4.385769762454166084e+03
4.012199999999999818e+03 4.360498159856710117e+03
4.016400000000000091e+03 4.310854233175037734e+03
4.020599999999999909e+03 4.270153805891698539e+03
4.024800000000000182e+03 4.269496344795988080e+03
4.029000000000000000e+03 4.303112693953072267e+03
4.033199999999999818e+03 4.362523080703683263e+03
4.037400000000000091e+03 4.421052756160570425e+03
4.041599999999999909e+03 4.453388640096687595e+03
4.045800000000000182e+03 4.463920326801999181e+03
4.050000000000000000e+03 4.458689282861878382e+03
4.054199999999999818e+03 4.444090722236387592e+03
4.058400000000000091e+03 4.426449930614960067e+03
4.062599999999999909e+03 4.400369302791046721e+03
4.066800000000000182e+03 4.361376959654234270e+03
4.071000000000000000e+03 4.312876775459919372e+03
4.075199999999999818e+03 4.255429495656268045e+03
4.079400000000000091e+03 4.184317893611508225e+03
4.083599999999999909e+03 4.092972855582874672e+03
4.087800000000000182e+03 3.951936667223786117e+03
4.092000000000000000e+03 3.762512960908060904e+03
4.096199999999999818e+03 3.608701401324476137e+03
4.100399999999999636e+03 3.554355025824185304e+03
4.104600000000000364e+03 3.623093760511838354e+03
4.108800000000000182e+03 3.798282395457504208e+03
4.113000000000000000e+03 3.973597151874846531e+03
4.117199999999999818e+03 4.079297004809932332e+03
4.121399999999999636e+03 4.127011900544285709e+03
4.125600000000000364e+03 4.132482450523212719e+03
4.129800000000000182e+03 4.120512299707378588e+03
4.134000000000000000e+03 4.110591407998984323e+03
4.138199999999999818e+03 4.103725491001656337e+03
4.142399999999999636e+03 4.104659994044443920e+03
4.146600000000000364e+03 4.123338299865440604e+03
4.150800000000000182e+03 4.156747445793883344e+03
4.155000000000000000e+03 4.187349378401546346e+03
4.159199999999999818e+03 4.203137967160187145e+03
4.163399999999999636e+03 4.198488606496712237e+03
4.167600000000000364e+03 4.179046427481099272e+03
4.171800000000000182e+03 4.162845523163205144e+03
4.176000000000000000e+03 4.158725685527982932e+03
4.180199999999999818e+03 4.166958093896482751e+03
4.184399999999999636e+03 4.178408226485736122e+03
4.188600000000000364e+03 4.173875378170593649e+03
4.192800000000000182e+03 4.156281568913589581e+03
4.197000000000000000e+03 4.147012231413940754e+03
4.201199999999999818e+03 4.148532923639025285e+03
4.205399999999999636e+03 4.150291816139975708e+03
4.209600000000000364e+03 4.146174661790655591e+03
4.213800000000000182e+03 4.131439687454108935e+03
4.218000000000000000e+03 4.110854484127848082e+03
4.222199999999999818e+03 4.095733137461518709e+03
4.226399999999999636e+03 4.085188111362580457e+03
4.230600000000000364e+03 4.071939573840737921e+03
4.234800000000000182e+03 4.056312874188784008e+03
4.239000000000000000e+03 4.041610168893042555e+03
4.243199999999999818e+03 4.028526733067108125e+03
4.247399999999999636e+03 4.017121147530380313e+03
4.251600000000000364e+03 4.004132663703001526e+03
4.255800000000000182e+03 3.984692700702703860e+03
4.260000000000000000e+03 3.963127609721127556e+03
4.264199999999999818e+03 3.946700067139763632e+03
4.268399999999999636e+03 3.933498892734370202e+03
4.272600000000000364e+03 3.919519075517601323e+03
4.276800000000000182e+03 3.903654492967124497e+03
4.281000000000000000e+03 3.884854869451488412e+03
4.285199999999999818e+03 3.870250382547266781e+03
4.289399999999999636e+03 3.868371364876137250e+03
4.293600000000000364e+03 3.869992204151491933e+03
4.297800000000000182e+03 3.863108016474684973e+03
4.302000000000000000e+03 3.846559393396282303e+03
4.306199999999999818e+03 3.819415106565899805e+03
4.310399999999999636e+03 3.786431519054794535e+03
4.314600000000000364e+03 3.752771972620104862e+03
4.318800000000000182e+03 3.699875150027140990e+03
4.323000000000000000e+03 3.613822218173836063e+03
4.327199999999999818e+03 3.480257017567564617e+03
4.331399999999999636e+03 3.291672887394156987e+03
4.335600000000000364e+03 3.135240347744952942e+03
4.339800000000000182e+03 3.089227012942567853e+03
4.344000000000000000e+03 3.153360488010075642e+03
4.348199999999999818e+03 3.313707962297120048e+03
4.352399999999999636e+03 3.488154007447583353e+03
4.356600000000000364e+03 3.601321389364307834e+03
4.360800000000000182e+03 3.657235415458445004e+03
4.365000000000000000e+03 3.666238879124421601e+03
4.369199999999999818e+03 3.654478445867866867e+03
4.373399999999999636e+03 3.646858002092214065e+03
4.377600000000000364e+03 3.633265235008586387e+03
4.381800000000000182e+03 3.609243247832370344e+03
4.386000000000000000e+03 3.593188491601803889e+03
4.390199999999999818e+03 3.596140439996488567e+03
4.394399999999999636e+03 3.614582009509955697e+03
4.398600000000000364e+03 3.640963413715674051e+03
4.402800000000000182e+03 3.657794807895928898e+03
4.407000000000000000e+03 3.653281635146492590e+03
4.411199999999999818e+03 3.629942596411957311e+03
4.415399999999999636e+03 3.594654446723930960e+03
4.419600000000000364e+03 3.562799025988264930e+03
4.423800000000000182e+03 3.544429040094955781e+03
4.428000000000000000e+03 3.536861310256018896e+03
4.432199999999999818e+03 3.538625118000936709e+03
4.436399999999999636e+03 3.550584570637837714e+03
4.440600000000000364e+03 3.569553911300414711e+03
4.444800000000000182e+03 3.588168312718486050e+03
4.449000000000000000e+03 3.597463888997597678e+03
4.453199999999999818e+03 3.587540841789761089e+03
4.457399999999999636e+03 3.552434157506877000e+03
4.461600000000000364e+03 3.488092486943077347e+03
4.465800000000000182e+03 3.414496846594038288e+03
4.470000000000000000e+03 3.378735605338115874e+03
4.474199999999999818e+03 3.396146903345192186e+03
4.478399999999999636e+03 3.448922952160789464e+03
4.482600000000000364e+03 3.514416919844759832e+03
4.486800000000000182e+03 3.564280152939156324e+03
4.491000000000000000e+03 3.587130235478318809e+03
4.495199999999999818e+03 3.588022985491194504e+03
4.499399999999999636e+03 3.577272687862370731e+03
4.503600000000000364e+03 3.570504903131351057e+03
4.507800000000000182e+03 3.570261085333356732e+03
4.512000000000000000e+03 3.569102929476578993e+03
4.516199999999999818e+03 3.563550534522535145e+03
4.520399999999999636e+03 3.551432152559688348e+03
4.524600000000000364e+03 3.538057383124626085e+03
4.528800000000000182e+03 3.533189824153160316e+03
4.533000000000000000e+03 3.535328844223120541e+03
4.537199999999999818e+03 3.537638143436395694e+03
4.541399999999999636e+03 3.533342550660723191e+03
4.545600000000000364e+03 3.514979706248879666e+03
4.549800000000000182e+03 3.490668781800362012e+03
4.554000000000000000e+03 3.475963457985928017e+03
4.558199999999999818e+03 3.465855892545516326e+03
4.562399999999999636e+03 3.447581468079153638e+03
4.566600000000000364e+03 3.430135767230187867e+03
4.570800000000000182e+03 3.427842170377904949e+03
4.575000000000000000e+03 3.436394837435580484e+03
4.579199999999999818e+03 3.447164674305960943e+03
4.583399999999999636e+03 3.451037940280014482e+03
4.587600000000000364e+03 3.438635691018224861e+03
4.591800000000000182e+03 3.418403522221179173e+03
4.596000000000000000e+03 3.402712172474758972e+03
4.600199999999999818e+03 3.391000294065988328e+03
4.604399999999999636e+03 3.381358079911339701e+03
4.608600000000000364e+03 3.372338989861731989e+03
4.612800000000000182e+03 3.361398520873664438e+03
4.617000000000000000e+03 3.354266042949823714e+03
4.621199999999999818e+03 3.357219410205227632e+03
4.625399999999999636e+03 3.359840513709774768e+03
4.629600000000000364e+03 3.351647340530525980e+03
4.633800000000000182e+03 3.337971960964262053e+03
4.638000000000000000e+03 3.324296605387130512e+03
4.642199999999999818e+03 3.312177176678657816e+03
4.646399999999999636e+03 3.303361214654196829e+03
4.650600000000000364e+03 3.300739726138571314e+03
4.654800000000000182e+03 3.305667769664926254e+03
4.659000000000000000e+03 3.313689669252368731e+03
4.663199999999999818e+03 3.320237651000335063e+03
4.667399999999999636e+03 3.319825152135012104e+03
4.671600000000000364e+03 3.309344316980824715e+03
4.675800000000000182e+03 3.298628458474397121e+03
4.680000000000000000e+03 3.294743035003933528e+03
4.684199999999999818e+03 3.291685961032453179e+03
4.688399999999999636e+03 3.284792498107162373e+03
4.692600000000000364e+03 3.273483695786256703e+03
4.696800000000000182e+03 3.257325206022620932e+03
4.701000000000000000e+03 3.234928993291391635e+03
4.705199999999999818e+03 3.208965722104293945e+03
4.709399999999999636e+03 3.192670473208452677e+03
4.713600000000000364e+03 3.192624223039025765e+03
4.717800000000000182e+03 3.200031125943604820e+03
4.722000000000000000e+03 3.207933000603050459e+03
4.726199999999999818e+03 3.213402024883278955e+03
4.730399999999999636e+03 3.214678330471326717e+03
4.734600000000000364e+03 3.213946678008877825e+03
4.738800000000000182e+03 3.211001401714768235e+03
4.743000000000000000e+03 3.200361265384456601e+03
4.747199999999999818e+03 3.182454452906649294e+03
4.751399999999999636e+03 3.166227145800391554e+03
4.755600000000000364e+03 3.156157140399051968e+03
4.759800000000000182e+03 3.151024974837604077e+03
4.764000000000000000e+03 3.149094903777245690e+03
4.768199999999999818e+03 3.147924646780623789e+03
4.772399999999999636e+03 3.144963291458156618e+03
4.776600000000000364e+03 3.137469452842641658e+03
4.780800000000000182e+03 3.127289618318078738e+03
4.785000000000000000e+03 3.121112122496959728e+03
4.789199999999999818e+03 3.119545375445321952e+03
4.793399999999999636e+03 3.117352485539845020e+03
4.797600000000000364e+03 3.113616951723388866e+03
4.801800000000000182e+03 3.111208525116411693e+03
4.806000000000000000e+03 3.108921253033487574e+03
4.810199999999999818e+03 3.102551411188858310e+03
4.814399999999999636e+03 3.093491406565968646e+03
4.818600000000000364e+03 3.086394967319958596e+03
4.822800000000000182e+03 3.082696364443209859e+03
4.827000000000000000e+03 3.081020990335897295e+03
4.831199999999999818e+03 3.078330331248582752e+03
4.835399999999999636e+03 3.071287289337824404e+03
4.839600000000000364e+03 3.043002566236341863e+03
4.843800000000000182e+03 2.974464903842830154e+03
4.848000000000000000e+03 2.858275142495604996e+03
4.852199999999999818e+03 2.692972185060240463e+03
4.856399999999999636e+03 2.534873865421809569e+03
4.860600000000000364e+03 2.458744999111614561e+03
4.864800000000000182e+03 2.483975305119204677e+03
4.869000000000000000e+03 2.608060764144705445e+03
4.873199999999999818e+03 2.768527129587212585e+03
4.877399999999999636e+03 2.882468081075011469e+03
4.881600000000000364e+03 2.943614097155875697e+03
4.885800000000000182e+03 2.967439575316384889e+03
4.890000000000000000e+03 2.971717600602808943e+03
4.894199999999999818e+03 2.978721014632202241e+03
4.898399999999999636e+03 2.986873033022094660e+03
4.902600000000000364e+03 2.990448536793098810e+03
4.906800000000000182e+03 2.980221486452473073e+03
4.911000000000000000e+03 2.947089916254491982e+03
4.915199999999999818e+03 2.904523313142766710e+03
4.919399999999999636e+03 2.867219760732112718e+03
4.923600000000000364e+03 2.856167865861403698e+03
4.927800000000000182e+03 2.890434340281271488e+03
4.932000000000000000e+03 2.941569534002611363e+03
4.936199999999999818e+03 2.979008616277132205e+03
4.940399999999999636e+03 2.998258189740049147e+03
4.944600000000000364e+03 2.996311255366603746e+03
4.948800000000000182e+03 2.984375385765204555e+03
4.953000000000000000e+03 2.974791958011931911e+03
4.957199999999999818e+03 2.965516690512861715e+03
4.961399999999999636e+03 2.955049567722716802e+03
4.965600000000000364e+03 2.945871439837030721e+03
4.969800000000000182e+03 2.939296728236619856e+03
4.974000000000000000e+03 2.936876558631867283e+03
4.978199999999999818e+03 2.938546542789597424e+03
4.982399999999999636e+03 2.936946753888350941e+03
4.986600000000000364e+03 2.926740311260436101e+03
4.990800000000000182e+03 2.910535641553969526e+03
4.995000000000000000e+03 2.891041125339953396e+03
4.999199999999999818e+03 2.871125863659576680e+03
5.003399999999999636e+03 2.852901690005798628e+03
5.007600000000000364e+03 2.832891838411011122e+03
5.011800000000000182e+03 2.812585873481313683e+03
5.016000000000000000e+03 2.807955358966409221e+03
5.020199999999999818e+03 2.824822839608643790e+03
5.024399999999999636e+03 2.847428586883335356e+03
5.028600000000000364e+03 2.863275074471278458e+03
5.032800000000000182e+03 2.865536273526163768e+03
5.037000000000000000e+03 2.852944696088108230e+03
5.041199999999999818e+03 2.834506123475312506e+03
5.045399999999999636e+03 2.818526023300268662e+03
5.049600000000000364e+03 2.811611430998940705e+03
5.053800000000000182e+03 2.814991919711238097e+03
5.058000000000000000e+03 2.821289189167310269e+03
5.062199999999999818e+03 2.825521756671443654e+03
5.066399999999999636e+03 2.826118088007239749e+03
5.070600000000000364e+03 2.822503899069829458e+03
5.074800000000000182e+03 2.815862163904578210e+03
5.079000000000000000e+03 2.808049951569377299e+03
5.083199999999999818e+03 2.801269287271802114e+03
5.087399999999999636e+03 2.797083835367827760e+03
5.091600000000000364e+03 2.796434806819349888e+03
5.095800000000000182e+03 2.798262843601632085e+03
5.100000000000000000e+03 2.799915356658904784e+03
5.104199999999999818e+03 2.798787259961942254e+03
5.108399999999999636e+03 2.792231757685302455e+03
5.112600000000000364e+03 2.781439534850258951e+03
5.116800000000000182e+03 2.770463102888498724e+03
5.121000000000000000e+03 2.761669496507374333e+03
5.125199999999999818e+03 2.756180271623565204e+03
5.129399999999999636e+03 2.753544628630734678e+03
5.133600000000000364e+03 2.752233027257135291e+03
5.137800000000000182e+03 2.750368376613203509e+03
5.142000000000000000e+03 2.745599013375692721e+03
5.146199999999999818e+03 2.740311503302972596e+03
5.150399999999999636e+03 2.739550661146213770e+03
5.154600000000000364e+03 2.740358083177146455e+03
5.158800000000000182e+03 2.736326222717797464e+03
5.163000000000000000e+03 2.730065109145844872e+03
5.167199999999999818e+03 2.727085232673420251e+03
5.171399999999999636e+03 2.728154694847748033e+03
5.175600000000000364e+03 2.732799983158712166e+03
5.179800000000000182e+03 2.736927366627276569e+03
5.184000000000000000e+03 2.735037397275273634e+03
5.188199999999999818e+03 2.730384664408841218e+03
5.192399999999999636e+03 2.728556632652256212e+03
5.196600000000000364e+03 2.726130720059881241e+03
5.200800000000000182e+03 2.718197124171419091e+03
5.205000000000000000e+03 2.708792803863931113e+03
5.209199999999999818e+03 2.703131608850540488e+03
5.213399999999999636e+03 2.700742380500618310e+03
5.217600000000000364e+03 2.700422337771099592e+03
5.221800000000000182e+03 2.700901754044067275e+03
5.226000000000000000e+03 2.700837431294962698e+03
5.230199999999999818e+03 2.697594465826624855e+03
5.234399999999999636e+03 2.688657239125557226e+03
5.238600000000000364e+03 2.679604987798253660e+03
5.242800000000000182e+03 2.676052770145396607e+03
5.247000000000000000e+03 2.673370345590266879e+03
5.251199999999999818e+03 2.667252531389255637e+03
5.255399999999999636e+03 2.661642369568070535e+03
5.259600000000000364e+03 2.659596919879699726e+03
5.263800000000000182e+03 2.658241875727743718e+03
5.268000000000000000e+03 2.655300774480399014e+03
5.272199999999999818e+03 2.651316051699743639e+03
5.276399999999999636e+03 2.646853055519210102e+03
5.280600000000000364e+03 2.645444848845901561e+03
5.284800000000000182e+03 2.648891331022810391e+03
5.289000000000000000e+03 2.649659823808380679e+03
5.293199999999999818e+03 2.642996859373757161e+03
5.297399999999999636e+03 2.634994544068175401e+03
5.301600000000000364e+03 2.629997523565934443e+03
5.305800000000000182e+03 2.627867742597015422e+03
5.310000000000000000e+03 2.627799420685566929e+03
5.314199999999999818e+03 2.625847284808754466e+03
5.318399999999999636e+03 2.620060134549852137e+03
5.322600000000000364e+03 2.614096378624948557e+03
5.326800000000000182e+03 2.610047869489254936e+03
5.331000000000000000e+03 2.606873094069487252e+03
5.335199999999999818e+03 2.603777356609108210e+03
5.339399999999999636e+03 2.599946074811791277e+03
5.343600000000000364e+03 2.595239080157943135e+03
5.347800000000000182e+03 2.590830141195719534e+03
5.352000000000000000e+03 2.587575587897281366e+03
5.356199999999999818e+03 2.586257031333498162e+03
5.360399999999999636e+03 2.585704300128268187e+03
5.364600000000000364e+03 2.581823587499126916e+03
5.368800000000000182e+03 2.574179356021187687e+03
5.373000000000000000e+03 2.567151939436552766e+03
5.377199999999999818e+03 2.563308483126787451e+03
5.381399999999999636e+03 2.563579003507531979e+03
5.385600000000000364e+03 2.566522441931453159e+03
5.389800000000000182e+03 2.567934574206324669e+03
5.394000000000000000e+03 2.566134233940854301e+03
5.398199999999999818e+03 2.562449486981540304e+03
5.402399999999999636e+03 2.556087881291663962e+03
5.406600000000000364e+03 2.544302675235874631e+03
5.410800000000000182e+03 2.530546324757322509e+03
5.415000000000000000e+03 2.522855246593743686e+03
5.419199999999999818e+03 2.522196368898572018e+03
5.423399999999999636e+03 2.524654662901895790e+03
5.427600000000000364e+03 2.525931606197595556e+03
5.431800000000000182e+03 2.521144355622859166e+03
5.436000000000000000e+03 2.511159847826170335e+03
5.440199999999999818e+03 2.500434730287049206e+03
5.444399999999999636e+03 2.490905227632289098e+03
5.448600000000000364e+03 2.483266916197479077e+03
5.452800000000000182e+03 2.478232894427930205e+03
5.457000000000000000e+03 2.475992627248388999e+03
5.461199999999999818e+03 2.477291380748780284e+03
5.465399999999999636e+03 2.483323794288697172e+03
5.469600000000000364e+03 2.488961168011602240e+03
5.473800000000000182e+03 2.487066537173407596e+03
5.478000000000000000e+03 2.479460527957620343e+03
5.482199999999999818e+03 2.470742604688060055e+03
5.486399999999999636e+03 2.463804925918741901e+03
5.490600000000000364e+03 2.461464877617114780e+03
5.494800000000000182e+03 2.461010550588976457e+03
5.499000000000000000e+03 2.458135480167851711e+03
5.503199999999999818e+03 2.454723960900325437e+03
5.507399999999999636e+03 2.453624018152559529e+03
5.511600000000000364e+03 2.452753317460417293e+03
5.515800000000000182e+03 2.449651104727290658e+03
5.520000000000000000e+03 2.444033189585996297e+03
5.524199999999999818e+03 2.435827154443552445e+03
5.528399999999999636e+03 2.428523655280671846e+03
5.532600000000000364e+03 2.425865454134735501e+03
5.536800000000000182e+03 2.424954433054882884e+03
5.541000000000000000e+03 2.422461895095656473e+03
5.545199999999999818e+03 2.420108436337376133e+03
5.549399999999999636e+03 2.419363894028401319e+03
5.553600000000000364e+03 2.418756013275707119e+03
5.557800000000000182e+03 2.417059969830206228e+03
5.562000000000000000e+03 2.414633856034417477e+03
5.566199999999999818e+03 2.411768623267421390e+03
5.570399999999999636e+03 2.407600863331475011e+03
5.574600000000000364e+03 2.401694888677417111e+03
5.578800000000000182e+03 2.395364838443990266e+03
5.583000000000000000e+03 2.389824444440400839e+03
5.587199999999999818e+03 2.386584519940396149e+03
5.591399999999999636e+03 2.386119173466229768e+03
5.595600000000000364e+03 2.384272730698905889e+03
5.599800000000000182e+03 2.378286782728259823e+03
5.604000000000000000e+03 2.370352859420940604e+03
5.608199999999999818e+03 2.362665657032150193e+03
5.612399999999999636e+03 2.357849184555485863e+03
5.616600000000000364e+03 2.356927716011514804e+03
5.620800000000000182e+03 2.356247950660675997e+03
5.625000000000000000e+03 2.352795609935817083e+03
5.629199999999999818e+03 2.344206666850368038e+03
5.633399999999999636e+03 2.331267320566697890e+03
5.637600000000000364e+03 2.322013485981668509e+03
5.641800000000000182e+03 2.319369179025511585e+03
5.646000000000000000e+03 2.316538418322691086e+03
5.650199999999999818e+03 2.310093792504215799e+03
5.654399999999999636e+03 2.301909255151877915e+03
5.658600000000000364e+03 2.293291515252538375e+03
5.662800000000000182e+03 2.284813772370276638e+03
5.667000000000000000e+03 2.277754060076141286e+03
5.671199999999999818e+03 2.273878880582210513e+03
5.675399999999999636e+03 2.273297650151706421e+03
5.679600000000000364e+03 2.274352380493349301e+03
5.683800000000000182e+03 2.274530052344950946e+03
5.688000000000000000e+03 2.269959346217933671e+03
5.692199999999999818e+03 2.261314423270763655e+03
5.696399999999999636e+03 2.253950111303252925e+03
5.700600000000000364e+03 2.249593858877139610e+03
5.704800000000000182e+03 2.246862044137528301e+03
5.709000000000000000e+03 2.243949963951925838e+03
5.713199999999999818e+03 2.238053168534998349e+03
5.717399999999999636e+03 2.230756155571984436e+03
5.721600000000000364e+03 2.226969500361574774e+03
5.725800000000000182e+03 2.226777919814436245e+03
5.730000000000000000e+03 2.227306634912221398e+03
5.734199999999999818e+03 2.225581906463279665e+03
5.738399999999999636e+03 2.218051466469531078e+03
5.742600000000000364e+03 2.208534162520355494e+03
5.746800000000000182e+03 2.204982203141629270e+03
5.751000000000000000e+03 2.206878987048793078e+03
5.755199999999999818e+03 2.209736115532714393e+03
5.759399999999999636e+03 2.209096922312489369e+03
5.763600000000000364e+03 2.200784858096538301e+03
5.767800000000000182e+03 2.184604728472354054e+03
5.772000000000000000e+03 2.162064320449887873e+03
5.776199999999999818e+03 2.142046085529215816e+03
5.780399999999999636e+03 2.135902725871871098e+03
5.784600000000000364e+03 2.141009469916460148e+03
5.788800000000000182e+03 2.150285688176225904e+03
5.793000000000000000e+03 2.160101695126270897e+03
5.797199999999999818e+03 2.167208461466954759e+03
5.801399999999999636e+03 2.171959053297546234e+03
5.805600000000000364e+03 2.175800311385867190e+03
5.809800000000000182e+03 2.179229103462295370e+03
5.814000000000000000e+03 2.182926936102210220e+03
5.818199999999999818e+03 2.184801386459987043e+03
5.822399999999999636e+03 2.182554907408341023e+03
5.826600000000000364e+03 2.177403144180246272e+03
5.830800000000000182e+03 2.171085688265497083e+03
5.835000000000000000e+03 2.164190737419518882e+03
5.839199999999999818e+03 2.157240441904360068e+03
5.843399999999999636e+03 2.151840228136907172e+03
5.847600000000000364e+03 2.148591928272350287e+03
5.851800000000000182e+03 2.149227087581413343e+03
5.856000000000000000e+03 2.154761060368899962e+03
5.860199999999999818e+03 2.150167922548305796e+03
5.864399999999999636e+03 2.123215541940034655e+03
5.868600000000000364e+03 2.087700696671185597e+03
5.872800000000000182e+03 2.056415329252559332e+03
5.877000000000000000e+03 2.029242143880391950e+03
5.881199999999999818e+03 2.006787363200735172e+03
5.885399999999999636e+03 1.985826422326781767e+03
5.889600000000000364e+03 1.965719991613423417e+03
5.893800000000000182e+03 1.966719690331942502e+03
5.898000000000000000e+03 1.999510634476584755e+03
5.902199999999999818e+03 2.040936117114832996e+03
5.906399999999999636e+03 2.071684152501132303e+03
5.910600000000000364e+03 2.084846648425158946e+03
5.914800000000000182e+03 2.078591401045793646e+03
5.919000000000000000e+03 2.067076619647241387e+03
5.923199999999999818e+03 2.061011716014852027e+03
5.927399999999999636e+03 2.059191719153328904e+03
5.931600000000000364e+03 2.060029984360252001e+03
5.935800000000000182e+03 2.059845920872457555e+03
5.940000000000000000e+03 2.056706709078460335e+03
5.944199999999999818e+03 2.053744568940555837e+03
5.948399999999999636e+03 2.052092460785122512e+03
5.952600000000000364e+03 2.049461926422699435e+03
5.956800000000000182e+03 2.045046639309009151e+03
5.961000000000000000e+03 2.040097910604842809e+03
5.965199999999999818e+03 2.035613096597850245e+03
5.969399999999999636e+03 2.032599864172598927e+03
5.973600000000000364e+03 2.030771117619821325e+03
5.977800000000000182e+03 2.027937159982437606e+03
5.982000000000000000e+03 2.023822581212870773e+03
5.986199999999999818e+03 2.020481180014867050e+03
5.990399999999999636e+03 2.018057839008615247e+03
5.994600000000000364e+03 2.014525810422859877e+03
5.998800000000000182e+03 2.009594757591735970e+03
6.003000000000000000e+03 2.004456187180115876e+03
6.007199999999999818e+03 2.000014167469512813e+03
6.011399999999999636e+03 1.996779000748281078e+03
6.015600000000000364e+03 1.995296098687866333e+03
6.019800000000000182e+03 1.996186570256852065e+03
6.024000000000000000e+03 1.997686470537672221e+03
6.028199999999999818e+03 1.996392590941481558e+03
6.032399999999999636e+03 1.991870006956823318e+03
6.036600000000000364e+03 1.985475150470163044e+03
6.040800000000000182e+03 1.979357951999609895e+03
6.045000000000000000e+03 1.976371781004414515e+03
6.049199999999999818e+03 1.974919362529589534e+03
6.053399999999999636e+03 1.970945020851451545e+03
6.057600000000000364e+03 1.965006856744689230e+03
6.061800000000000182e+03 1.959485472406995996e+03
6.066000000000000000e+03 1.956430581466558806e+03
6.070199999999999818e+03 1.958246026413771233e+03
6.074399999999999636e+03 1.960119192018401236e+03
6.078600000000000364e+03 1.954475016057653193e+03
6.082800000000000182e+03 1.945441518835283659e+03
6.087000000000000000e+03 1.940718970993505536e+03
6.091199999999999818e+03 1.940562058028209776e+03
6.095399999999999636e+03 1.943411790846672147e+03
6.099600000000000364e+03 1.945676095557938652e+03
6.103800000000000182e+03 1.942963602102328423e+03
6.108000000000000000e+03 1.937613706420075459e+03
6.112199999999999818e+03 1.933544366178877226e+03
6.116399999999999636e+03 1.929929725985634832e+03
6.120600000000000364e+03 1.925330358539842564e+03
6.124800000000000182e+03 1.921239164672828565e+03
6.129000000000000000e+03 1.919419983454025441e+03
6.133199999999999818e+03 1.917145174233616444e+03
6.137399999999999636e+03 1.911315565863457095e+03
6.141600000000000364e+03 1.904908850130077553e+03
6.145800000000000182e+03 1.900957504959294738e+03
6.150000000000000000e+03 1.898326992984632170e+03
6.154199999999999818e+03 1.895981270874965503e+03
6.158399999999999636e+03 1.890660135516094442e+03
6.162600000000000364e+03 1.879685951208349024e+03
6.166800000000000182e+03 1.868415783098961811e+03
6.171000000000000000e+03 1.861667691856568808e+03
6.175199999999999818e+03 1.859427282533690686e+03
6.179399999999999636e+03 1.861095408428173869e+03
6.183600000000000364e+03 1.862063459331842978e+03
6.187800000000000182e+03 1.858594803046781635e+03
6.192000000000000000e+03 1.852180720872581105e+03
6.196199999999999818e+03 1.844634809934827899e+03
6.200399999999999636e+03 1.838323079016524844e+03
6.204600000000000364e+03 1.835226525528146340e+03
6.208800000000000182e+03 1.835785409604377264e+03
6.213000000000000000e+03 1.839376135276098694e+03
6.217199999999999818e+03 1.842958594315509117e+03
6.221399999999999636e+03 1.843796579642584675e+03
6.225600000000000364e+03 1.839411205360406939e+03
6.229800000000000182e+03 1.830277942747384941e+03
6.234000000000000000e+03 1.824448710477013265e+03
6.238199999999999818e+03 1.825486669998762636e+03
6.242399999999999636e+03 1.826930670989028386e+03
6.246600000000000364e+03 1.824861299328789983e+03
6.250800000000000182e+03 1.819843524859727495e+03
6.255000000000000000e+03 1.812769671642803587e+03
6.259199999999999818e+03 1.807105872327430916e+03
6.263399999999999636e+03 1.800615394180120802e+03
6.267600000000000364e+03 1.781060659502671342e+03
6.271800000000000182e+03 1.747868892634728127e+03
6.276000000000000000e+03 1.737830379152082287e+03
6.280199999999999818e+03 1.731451398981987722e+03
6.284399999999999636e+03 1.729440459238446920e+03
6.288600000000000364e+03 1.742213248565730737e+03
6.292800000000000182e+03 1.755162763483937169e+03
6.297000000000000000e+03 1.757380762948094798e+03
6.301199999999999818e+03 1.752744956262254618e+03
6.305399999999999636e+03 1.749701523125939730e+03
6.309600000000000364e+03 1.747807501897649900e+03
6.313800000000000182e+03 1.749957950284678645e+03
6.318000000000000000e+03 1.754712668544405687e+03
6.322199999999999818e+03 1.759044368558296583e+03
6.326399999999999636e+03 1.758247301125129979e+03
6.330600000000000364e+03 1.753313221919186162e+03
6.334800000000000182e+03 1.749586579135287820e+03
6.339000000000000000e+03 1.747590805745458965e+03
6.343199999999999818e+03 1.744827289273853012e+03
6.347399999999999636e+03 1.741700673146543522e+03
6.351600000000000364e+03 1.740215267869375566e+03
6.355800000000000182e+03 1.738972881333675332e+03
6.360000000000000000e+03 1.735078080928681402e+03
6.364199999999999818e+03 1.728962668876305770e+03
6.368399999999999636e+03 1.722537111310727596e+03
6.372600000000000364e+03 1.717053931513653652e+03
6.376800000000000182e+03 1.713435112727658179e+03
6.381000000000000000e+03 1.712394268197655720e+03
6.385199999999999818e+03 1.714321393179852521e+03
6.389399999999999636e+03 1.717453944890947469e+03
6.393600000000000364e+03 1.719627296609926134e+03
6.397800000000000182e+03 1.718715270172036981e+03
6.402000000000000000e+03 1.712655111649824448e+03
6.406199999999999818e+03 1.705910602854172112e+03
6.410399999999999636e+03 1.704413617081610482e+03
6.414600000000000364e+03 1.706059191407267690e+03
6.418800000000000182e+03 1.707330374739382250e+03
6.423000000000000000e+03 1.706858073421258723e+03
6.427199999999999818e+03 1.703513681732601299e+03
6.431399999999999636e+03 1.698784196258733346e+03
6.435600000000000364e+03 1.694459405028973379e+03
6.439800000000000182e+03 1.691984948082311348e+03
6.444000000000000000e+03 1.692926843078026650e+03
6.448199999999999818e+03 1.692280133958466877e+03
6.452399999999999636e+03 1.684948726400450596e+03
6.456600000000000364e+03 1.676198667829656642e+03
6.460800000000000182e+03 1.670985418736119982e+03
6.465000000000000000e+03 1.668815006026190076e+03
6.469199999999999818e+03 1.669106694285667345e+03
6.473399999999999636e+03 1.667939784315546603e+03
6.477600000000000364e+03 1.662084127780352446e+03
6.481800000000000182e+03 1.656677606093705663e+03
6.486000000000000000e+03 1.655828548342658451e+03
6.490199999999999818e+03 1.657696782521236855e+03
6.494399999999999636e+03 1.660287074050945421e+03
6.498600000000000364e+03 1.651694194449058614e+03
6.502800000000000182e+03 1.649561305429020877e+03
6.507000000000000000e+03 1.645521803851773257e+03
6.511199999999999818e+03 1.638940486859720522e+03
6.515399999999999636e+03 1.632732688376082478e+03
6.519600000000000364e+03 1.629518714478535685e+03
6.523800000000000182e+03 1.626791812187395863e+03
6.528000000000000000e+03 1.621948137076544754e+03
6.532199999999999818e+03 1.615408293108296220e+03
6.536399999999999636e+03 1.607252137765893167e+03
6.540600000000000364e+03 1.595343013142648488e+03
6.544800000000000182e+03 1.574289125025389012e+03
6.549000000000000000e+03 1.535236453092808688e+03
6.553199999999999818e+03 1.477169764006501055e+03
6.557399999999999636e+03 1.412569751220057015e+03
6.561600000000000364e+03 1.364236770087667310e+03
6.565800000000000182e+03 1.361074681894640435e+03
6.570000000000000000e+03 1.407079110663252095e+03
6.574199999999999818e+03 1.470250821225507707e+03
6.578399999999999636e+03 1.521222359524154399e+03
6.582600000000000364e+03 1.552667004010299706e+03
6.586800000000000182e+03 1.570421748348814390e+03
6.591000000000000000e+03 1.581811146113420136e+03
6.595199999999999818e+03 1.588610082294494077e+03
6.599399999999999636e+03 1.590920030482676111e+03
6.603600000000000364e+03 1.590214601973445269e+03
6.607800000000000182e+03 1.587959696369227231e+03
6.612000000000000000e+03 1.586059826331618751e+03
6.616199999999999818e+03 1.585696270702615038e+03
6.620399999999999636e+03 1.586064317570454932e+03
6.624600000000000364e+03 1.586565236639243722e+03
6.628800000000000182e+03 1.587769381663248851e+03
6.633000000000000000e+03 1.588712308075599367e+03
6.637199999999999818e+03 1.587067673368429269e+03
6.641399999999999636e+03 1.583135104476934885e+03
6.645600000000000364e+03 1.580188365230969112e+03
6.649800000000000182e+03 1.579588951857016355e+03
6.654000000000000000e+03 1.577871608169288720e+03
6.658199999999999818e+03 1.573691437735672935e+03
6.662399999999999636e+03 1.568540900862566104e+03
6.666600000000000364e+03 1.559841457202927131e+03
6.670800000000000182e+03 1.543865330060122233e+03
6.675000000000000000e+03 1.523571059777756091e+03
6.679199999999999818e+03 1.512336237840035892e+03
6.683399999999999636e+03 1.521031982745286996e+03
6.687600000000000364e+03 1.540680821635176017e+03
6.691800000000000182e+03 1.555791339300603113e+03
6.696000000000000000e+03 1.562378898550591202e+03
6.700199999999999818e+03 1.563614617073440741e+03
6.704399999999999636e+03 1.562548189128678587e+03
6.708600000000000364e+03 1.559845049741350522e+03
6.712800000000000182e+03 1.555528020054695162e+03
6.717000000000000000e+03 1.550652765843373800e+03
6.721199999999999818e+03 1.546719700973608724e+03
6.725399999999999636e+03 1.544703091136002286e+03
6.729600000000000364e+03 1.543372482361100992e+03
6.733800000000000182e+03 1.540936804229142126e+03
6.738000000000000000e+03 1.538633703781580834e+03
6.742199999999999818e+03 1.538416723253765440e+03
6.746399999999999636e+03 1.538526850812192379e+03
6.750600000000000364e+03 1.537575692337361033e+03
6.754800000000000182e+03 1.535254098004252455e+03
6.759000000000000000e+03 1.531765775679634316e+03
6.763199999999999818e+03 1.527385958508813246e+03
6.767399999999999636e+03 1.522865544342637122e+03
6.771600000000000364e+03 1.518457573765163716e+03
6.775800000000000182e+03 1.513282806160151040e+03
6.780000000000000000e+03 1.508224068262921037e+03
6.784199999999999818e+03 1.504416089934994943e+03
6.788399999999999636e+03 1.502970322524018229e+03
6.792600000000000364e+03 1.503963073225398830e+03
6.796800000000000182e+03 1.504264731370531308e+03
6.801000000000000000e+03 1.502393531292887246e+03
6.805199999999999818e+03 1.500705478735684892e+03
6.809399999999999636e+03 1.499117113338313857e+03
6.813600000000000364e+03 1.496125366052323898e+03
6.817800000000000182e+03 1.492315811896959076e+03
6.822000000000000000e+03 1.489573112808436690e+03
6.826199999999999818e+03 1.487987345451032070e+03
6.830399999999999636e+03 1.484912898817887481e+03
6.834600000000000364e+03 1.479554782852564131e+03
6.838800000000000182e+03 1.474529442419771613e+03
6.843000000000000000e+03 1.470307507327368057e+03
6.847199999999999818e+03 1.466530933522140003e+03
6.851399999999999636e+03 1.459535316263416917e+03
6.855600000000000364e+03 1.437614069735254816e+03
6.859800000000000182e+03 1.445993520767448672e+03
6.864000000000000000e+03 1.444796580308735429e+03
6.868199999999999818e+03 1.445610813921703766e+03
6.872399999999999636e+03 1.449146847511679425e+03
6.876600000000000364e+03 1.452665856208477635e+03
6.880800000000000182e+03 1.450024650751454601e+03
6.885000000000000000e+03 1.446789557640804560e+03
6.889199999999999818e+03 1.446370877952633464e+03
6.893399999999999636e+03 1.443957115127473799e+03
6.897600000000000364e+03 1.440433601310511676e+03
6.901800000000000182e+03 1.438190826800843979e+03
6.906000000000000000e+03 1.436746363876140094e+03
6.910199999999999818e+03 1.434220812042882244e+03
6.914399999999999636e+03 1.429934862955949257e+03
6.918600000000000364e+03 1.423209420205751030e+03
6.922800000000000182e+03 1.416281834059930588e+03
6.927000000000000000e+03 1.407209892347397954e+03
6.931199999999999818e+03 1.392914288834741910e+03
6.935399999999999636e+03 1.382045134919361317e+03
6.939600000000000364e+03 1.380143924668402633e+03
6.943800000000000182e+03 1.382110758899302255e+03
6.948000000000000000e+03 1.385816204148109136e+03
6.952199999999999818e+03 1.388406825492841563e+03
6.956399999999999636e+03 1.388788660701818571e+03
6.960600000000000364e+03 1.389888304143652476e+03
6.964800000000000182e+03 1.395391120666474535e+03
6.969000000000000000e+03 1.402013920331197596e+03
6.973199999999999818e+03 1.404549377963031930e+03
6.977399999999999636e+03 1.401980628474861305e+03
6.981600000000000364e+03 1.394566822215704633e+03
6.985800000000000182e+03 1.384678532194587888e+03
6.990000000000000000e+03 1.377205990879532692e+03
6.994199999999999818e+03 1.374222835697319624e+03
6.998399999999999636e+03 1.374218313949773574e+03
7.002600000000000364e+03 1.374581883718982454e+03
7.006800000000000182e+03 1.373237998360366646e+03
7.011000000000000000e+03 1.371593191049574898e+03
7.015199999999999818e+03 1.371289468311827932e+03
7.019399999999999636e+03 1.371820447855016027e+03
7.023600000000000364e+03 1.371720769403405257e+03
7.027800000000000182e+03 1.369614885319643463e+03
7.032000000000000000e+03 1.366405277040729288e+03
7.036199999999999818e+03 1.363882332522574870e+03
7.040399999999999636e+03 1.362205364333737634e+03
7.044600000000000364e+03 1.360230716698058586e+03
7.048800000000000182e+03 1.357922168130906584e+03
7.053000000000000000e+03 1.353036420836941261e+03
7.057199999999999818e+03 1.342506520787001591e+03
7.061399999999999636e+03 1.329938713715494941e+03
7.065600000000000364e+03 1.322035630144499692e+03
7.069800000000000182e+03 1.323423976770215631e+03
7.074000000000000000e+03 1.332978497405017379e+03
7.078199999999999818e+03 1.342034236196724805e+03
7.082399999999999636e+03 1.344932078686819978e+03
7.086600000000000364e+03 1.344229477978741670e+03
7.090800000000000182e+03 1.342835403126156280e+03
7.095000000000000000e+03 1.341530204164518636e+03
7.099199999999999818e+03 1.340597582745866930e+03
7.103399999999999636e+03 1.339752921748681729e+03
7.107600000000000364e+03 1.338009809215493533e+03
7.111800000000000182e+03 1.335211871828564654e+03
7.116000000000000000e+03 1.332690727096037563e+03
7.120199999999999818e+03 1.330628647366525229e+03
7.124399999999999636e+03 1.328301505182918845e+03
7.128600000000000364e+03 1.325881656433851731e+03
7.132800000000000182e+03 1.323832872907973069e+03
7.137000000000000000e+03 1.321836869163255187e+03
7.141199999999999818e+03 1.319018424902081733e+03
7.145399999999999636e+03 1.313954006314415665e+03
7.149600000000000364e+03 1.306224318296916636e+03
7.153800000000000182e+03 1.298014864896326117e+03
7.158000000000000000e+03 1.288990945332211368e+03
7.162199999999999818e+03 1.287515203950495561e+03
7.166399999999999636e+03 1.291930539576204410e+03
7.170600000000000364e+03 1.294429080400962221e+03
7.174800000000000182e+03 1.290391981803522640e+03
7.179000000000000000e+03 1.286415748252689809e+03
7.183199999999999818e+03 1.284580536976670601e+03
7.187399999999999636e+03 1.285019222002833885e+03
7.191600000000000364e+03 1.285991823305021398e+03
7.195800000000000182e+03 1.286266878307682191e+03
7.200000000000000000e+03 1.285867624619976823e+03
7.204199999999999818e+03 1.285812764253528258e+03
7.208399999999999636e+03 1.285664045519960382e+03
7.212600000000000364e+03 1.280647363212492337e+03
7.216800000000000182e+03 1.268936574156819461e+03
7.221000000000000000e+03 1.263998517943958632e+03
7.225199999999999818e+03 1.262134122270918397e+03
7.229399999999999636e+03 1.263015688594926132e+03
7.233600000000000364e+03 1.257790399007330961e+03
7.237800000000000182e+03 1.255290084350809593e+03
7.242000000000000000e+03 1.255001410024410234e+03
7.246199999999999818e+03 1.256540876991942469e+03
7.250399999999999636e+03 1.259590338394764785e+03
7.254600000000000364e+03 1.260451999728747523e+03
7.258800000000000182e+03 1.257939034194700298e+03
7.263000000000000000e+03 1.254992603951919364e+03
7.267199999999999818e+03 1.252330707228217989e+03
7.271399999999999636e+03 1.248145407226246107e+03
7.275600000000000364e+03 1.240930977827645620e+03
7.279800000000000182e+03 1.232793564977854430e+03
7.284000000000000000e+03 1.230487993634687882e+03
7.288199999999999818e+03 1.236917377478334174e+03
7.292399999999999636e+03 1.244813500962524131e+03
7.296600000000000364e+03 1.243598464111793646e+03
7.300800000000000182e+03 1.238911692924620866e+03
7.305000000000000000e+03 1.235847303082915005e+03
7.309199999999999818e+03 1.228382338578127928e+03
7.313399999999999636e+03 1.225593925758433215e+03
7.317600000000000364e+03 1.222902752671090866e+03
7.321800000000000182e+03 1.220825329579970003e+03
7.326000000000000000e+03 1.216128387337882032e+03
7.330199999999999818e+03 1.211651170523631436e+03
7.334399999999999636e+03 1.207992037094009220e+03
7.338600000000000364e+03 1.209380109663456778e+03
7.342800000000000182e+03 1.211529117328922212e+03
7.347000000000000000e+03 1.211237128726947276e+03
7.351199999999999818e+03 1.207460069686963607e+03
7.355399999999999636e+03 1.201148390996193029e+03
7.359600000000000364e+03 1.195409858848981003e+03
7.363800000000000182e+03 1.193310015020718311e+03
7.368000000000000000e+03 1.194466627357404377e+03
7.372199999999999818e+03 1.197388374941424445e+03
7.376399999999999636e+03 1.199809610664300635e+03
7.380600000000000364e+03 1.200333472365606440e+03
7.384800000000000182e+03 1.199465549294796119e+03
7.389000000000000000e+03 1.197164752369339340e+03
7.393199999999999818e+03 1.194088030574859886e+03
7.397399999999999636e+03 1.191733228665051001e+03
7.401600000000000364e+03 1.191148841095126045e+03
7.405800000000000182e+03 1.192266375193081103e+03
7.410000000000000000e+03 1.192616569176139592e+03
7.414199999999999818e+03 1.190826966045303834e+03
7.418399999999999636e+03 1.188920351389459256e+03
7.422600000000000364e+03 1.187837796295968928e+03
7.426800000000000182e+03 1.186308923583942487e+03
7.431000000000000000e+03 1.184150034875837719e+03
7.435199999999999818e+03 1.182551176372068994e+03
7.439399999999999636e+03 1.182043431356613837e+03
7.443600000000000364e+03 1.182124450848405331e+03
7.447800000000000182e+03 1.181248426943821642e+03
7.452000000000000000e+03 1.179319724381844935e+03
7.456199999999999818e+03 1.178143407107038229e+03
7.460399999999999636e+03 1.177478613743884807e+03
7.464600000000000364e+03 1.175071177209910502e+03
7.468800000000000182e+03 1.170899430207654405e+03
7.473000000000000000e+03 1.167280660535109064e+03
7.477199999999999818e+03 1.164928472360198839e+03
7.481399999999999636e+03 1.163385118172690227e+03
7.485600000000000364e+03 1.162144207214734706e+03
7.489800000000000182e+03 1.161044359439909385e+03
7.494000000000000000e+03 1.167932859035701995e+03
7.498199999999999818e+03 1.167925697822066013e+03
7.502399999999999636e+03 1.165361923184736270e+03
7.506600000000000364e+03 1.162975875098371944e+03
7.510800000000000182e+03 1.163067337343297595e+03
7.515000000000000000e+03 1.163170247362844748e+03
7.519199999999999818e+03 1.161913991826220808e+03
7.523399999999999636e+03 1.158001039363596192e+03
7.527600000000000364e+03 1.153708752962081689e+03
7.531800000000000182e+03 1.153038201731317258e+03
7.536000000000000000e+03 1.153111956056653753e+03
7.540199999999999818e+03 1.150364639801446174e+03
7.544399999999999636e+03 1.146832103994602903e+03
7.548600000000000364e+03 1.144870669367774099e+03
7.552800000000000182e+03 1.143334439421961861e+03
7.557000000000000000e+03 1.140497690799104021e+03
7.561199999999999818e+03 1.137061103291286372e+03
7.565399999999999636e+03 1.134554765952816524e+03
7.569600000000000364e+03 1.132158921833340855e+03
7.573800000000000182e+03 1.127035483413544171e+03
7.578000000000000000e+03 1.114807939005346043e+03
7.582199999999999818e+03 1.112804268796428232e+03
7.586399999999999636e+03 1.105966009368275081e+03
7.590600000000000364e+03 1.099727391724789186e+03
7.594800000000000182e+03 1.108890266215351630e+03
7.599000000000000000e+03 1.132662091838598826e+03
7.603199999999999818e+03 1.162359382226822845e+03
7.607399999999999636e+03 1.172402538937657255e+03
7.611600000000000364e+03 1.152883277537554477e+03
7.615800000000000182e+03 1.127826237889234108e+03
7.620000000000000000e+03 1.110236016831218194e+03
7.624199999999999818e+03 1.109881708708100177e+03
7.628399999999999636e+03 1.122644724209085553e+03
7.632600000000000364e+03 1.127115049743710870e+03
7.636800000000000182e+03 1.123006889670662758e+03
7.641000000000000000e+03 1.119285442547535922e+03
7.645199999999999818e+03 1.115792794340355840e+03
7.649399999999999636e+03 1.112362941106784319e+03
7.653600000000000364e+03 1.110252431092010056e+03
7.657800000000000182e+03 1.107360978053535518e+03
7.662000000000000000e+03 1.101764968271076214e+03
7.666199999999999818e+03 1.095864767385313371e+03
7.670399999999999636e+03 1.091724935770243064e+03
7.674600000000000364e+03 1.090399782204650592e+03
7.678800000000000182e+03 1.090110548886055312e+03
7.683000000000000000e+03 1.089711636003951526e+03
7.687199999999999818e+03 1.076011453024695811e+03
7.691399999999999636e+03 1.069425311431329874e+03
7.695600000000000364e+03 1.064947707023220801e+03
7.699800000000000182e+03 1.065512049644456511e+03
7.704000000000000000e+03 1.066941742262649996e+03
7.708199999999999818e+03 1.071922299357893735e+03
7.712399999999999636e+03 1.076569725652238503e+03
7.716600000000000364e+03 1.077767981819194802e+03
7.720800000000000182e+03 1.076903155441425042e+03
7.725000000000000000e+03 1.076178418490600961e+03
7.729199999999999818e+03 1.076961465805870603e+03
7.733399999999999636e+03 1.078480523691001963e+03
7.737600000000000364e+03 1.078868976852428659e+03
7.741800000000000182e+03 1.077837673621830618e+03
7.746000000000000000e+03 1.075024270799957094e+03
7.750199999999999818e+03 1.071310680837202199e+03
7.754399999999999636e+03 1.070377213809716295e+03
7.758600000000000364e+03 1.071407125919236250e+03
7.762800000000000182e+03 1.069637106087059919e+03
7.767000000000000000e+03 1.062690123715185337e+03
7.771199999999999818e+03 1.054544916443872580e+03
7.775399999999999636e+03 1.051796628160049977e+03
7.779600000000000364e+03 1.055219284317362280e+03
7.783800000000000182e+03 1.060400485196473937e+03
7.788000000000000000e+03 1.063715209479016949e+03
7.792199999999999818e+03 1.064351491022463051e+03
7.796399999999999636e+03 1.063636002406274656e+03
7.800600000000000364e+03 1.062070234175106407e+03
7.804800000000000182e+03 1.059901965339300432e+03
7.809000000000000000e+03 1.058391660140461681e+03
7.813199999999999818e+03 1.057760565332265060e+03
7.817399999999999636e+03 1.056157252885269827e+03
7.821600000000000364e+03 1.053867594067672144e+03
7.825800000000000182e+03 1.053221619736713137e+03
7.830000000000000000e+03 1.053905644729824417e+03
7.834199999999999818e+03 1.053969263083494525e+03
7.838399999999999636e+03 1.053645242400980806e+03
7.842600000000000364e+03 1.052972731734039371e+03
7.846800000000000182e+03 1.050945240970368559e+03
7.851000000000000000e+03 1.051088537561556677e+03
7.855199999999999818e+03 1.051987939007721025e+03
7.859399999999999636e+03 1.048456628397183977e+03
7.863600000000000364e+03 1.043139585996526648e+03
7.867800000000000182e+03 1.039869000195538547e+03
7.872000000000000000e+03 1.038616179854412394e+03
7.876199999999999818e+03 1.037508786725112259e+03
7.880399999999999636e+03 1.035315533480401200e+03
7.884600000000000364e+03 1.032794516332905005e+03
7.888800000000000182e+03 1.029729994159031548e+03
7.893000000000000000e+03 1.025257722314467173e+03
7.897199999999999818e+03 1.021661389820533259e+03
7.901399999999999636e+03 1.021337219247684175e+03
7.905600000000000364e+03 1.022340537489695748e+03
7.909800000000000182e+03 1.021678489475202696e+03
7.914000000000000000e+03 1.019279202396788264e+03
7.918199999999999818e+03 1.017410746411068430e+03
7.922399999999999636e+03 1.017662385665326269e+03
7.926600000000000364e+03 1.018918315234964098e+03
7.930800000000000182e+03 1.019218408171269743e+03
7.935000000000000000e+03 1.018636872199022946e+03
7.939199999999999818e+03 1.018684667528756904e+03
7.943399999999999636e+03 1.017851426470721208e+03
7.947600000000000364e+03 1.014437400579056771e+03
7.951800000000000182e+03 1.009184003695068668e+03
7.956000000000000000e+03 1.004846457577119509e+03
7.960199999999999818e+03 1.003250294000840540e+03
7.964399999999999636e+03 1.003291487226447657e+03
7.968600000000000364e+03 1.003573536013741204e+03
7.972800000000000182e+03 1.004115139231209128e+03
7.977000000000000000e+03 1.004953739608866613e+03
7.981199999999999818e+03 1.005441638943186263e+03
7.985399999999999636e+03 1.005004262745495794e+03
7.989600000000000364e+03 1.002940527617277212e+03
7.993800000000000182e+03 9.986623984492990758e+02
7.998000000000000000e+03 9.949894024247416837e+02
8.002199999999999818e+03 9.947328301047999730e+02
8.006399999999999636e+03 9.946784006171700412e+02
8.010600000000000364e+03 9.912955626496506056e+02
8.014800000000000182e+03 9.875335878134862924e+02
8.019000000000000000e+03 9.869901710531294157e+02
8.023199999999999818e+03 9.865747999822798420e+02
8.027399999999999636e+03 9.836564555215617247e+02
8.031600000000000364e+03 9.808556828281475646e+02
8.035800000000000182e+03 9.805348102280805733e+02
8.040000000000000000e+03 9.808286818970536842e+02
8.044199999999999818e+03 9.803644064869724843e+02
8.048399999999999636e+03 9.808851281180939168e+02
8.052600000000000364e+03 9.812801217512503626e+02
8.056800000000000182e+03 9.798601344899756214e+02
8.061000000000000000e+03 9.778031058735198258e+02
8.065199999999999818e+03 9.756251155047785915e+02
8.069399999999999636e+03 9.736677081149912283e+02
8.073600000000000364e+03 9.727355700944535783e+02
8.077800000000000182e+03 9.719570234599317473e+02
8.082000000000000000e+03 9.702676742038470366e+02
8.086199999999999818e+03 9.671732964987398873e+02
8.090399999999999636e+03 9.634501889759870892e+02
8.094600000000000364e+03 9.608829103707699915e+02
8.098800000000000182e+03 9.599130729901223731e+02
8.103000000000000000e+03 9.593069191672861962e+02
8.107199999999999818e+03 9.574927204346283816e+02
8.111399999999999636e+03 9.539851575911829968e+02
8.115600000000000364e+03 9.498433527647623578e+02
8.119800000000000182e+03 9.453368564029053687e+02
8.124000000000000000e+03 9.387748046569772669e+02
8.128199999999999818e+03 9.344853393346484154e+02
8.132399999999999636e+03 9.370694757765470513e+02
8.136600000000000364e+03 9.383985369845313471e+02
8.140800000000000182e+03 9.383634517380770603e+02
8.145000000000000000e+03 9.364381049688274743e+02
8.149199999999999818e+03 9.344827773739996246e+02
8.153399999999999636e+03 9.340190985979720608e+02
8.157600000000000364e+03 9.331177314470282909e+02
8.161800000000000182e+03 9.300394225451235570e+02
8.166000000000000000e+03 9.274414536192275591e+02
8.170199999999999818e+03 9.260701355107433983e+02
8.174399999999999636e+03 9.268586001839976234e+02
8.178600000000000364e+03 9.258727843086044231e+02
8.182800000000000182e+03 9.261586382579721430e+02
8.187000000000000000e+03 9.268974213444963652e+02
8.191199999999999818e+03 9.270564817642120943e+02
8.195399999999999636e+03 9.257653971793716892e+02
8.199600000000000364e+03 9.240679788697035519e+02
8.203799999999999272e+03 9.197443451655436775e+02
8.208000000000000000e+03 9.129995409713491199e+02
8.212200000000000728e+03 9.077750026758573085e+02
8.216399999999999636e+03 9.111924380426574999e+02
8.220600000000000364e+03 9.141094976263116223e+02
8.224799999999999272e+03 9.129995478090222605e+02
8.229000000000000000e+03 9.103724994462435234e+02
8.233200000000000728e+03 9.087071055098564329e+02
8.237399999999999636e+03 9.098063086064619256e+02
8.241600000000000364e+03 9.082014472877968956e+02
8.245799999999999272e+03 9.008731868063239290e+02
8.250000000000000000e+03 9.002960767719821433e+02
8.254200000000000728e+03 9.010300585897448400e+02
8.258399999999999636e+03 8.993348562741617798e+02
8.262600000000000364e+03 8.933462061128046798e+02
8.266799999999999272e+03 8.890340466319797770e+02
8.271000000000000000e+03 8.881477360016617695e+02
8.275200000000000728e+03 8.941538626411787618e+02
8.279399999999999636e+03 8.997203109207835041e+02
8.283600000000000364e+03 8.993547149895655366e+02
8.287799999999999272e+03 8.969964625322279517e+02
8.292000000000000000e+03 8.913056671258269716e+02
8.296200000000000728e+03 8.888875599634129685e+02
8.300399999999999636e+03 8.854646164296492543e+02
8.304600000000000364e+03 8.866165150424369585e+02
8.308799999999999272e+03 8.859896411560948764e+02
8.313000000000000000e+03 8.820184986356456420e+02
8.317200000000000728e+03 8.797412681107846311e+02
8.321399999999999636e+03 8.810660310984642365e+02
8.325600000000000364e+03 8.778052452624755233e+02
8.329799999999999272e+03 8.766053293505543706e+02
8.334000000000000000e+03 8.720999517799695013e+02
8.338200000000000728e+03 8.708445513606384338e+02
8.342399999999999636e+03 8.721982997740298060e+02
8.346600000000000364e+03 8.706388704543533095e+02
8.350799999999999272e+03 8.705166651066680288e+02
8.355000000000000000e+03 8.703147546098645080e+02
8.359200000000000728e+03 8.688400309161123687e+02
8.363399999999999636e+03 8.665138681205768307e+02
8.367600000000000364e+03 8.655565201383089970e+02
8.371799999999999272e+03 8.654930115273347155e+02
8.376000000000000000e+03 8.660359440126520667e+02
8.380200000000000728e+03 8.669788194439134941e+02
8.384399999999999636e+03 8.680990403303981111e+02
8.388600000000000364e+03 8.691891221798905462e+02
8.392799999999999272e+03 8.696480083397185581e+02
8.397000000000000000e+03 8.691704411218090627e+02
8.401200000000000728e+03 8.686375658782241089e+02
8.405399999999999636e+03 8.687933406749206142e+02
8.409600000000000364e+03 8.677259315259858568e+02
8.413799999999999272e+03 8.651210630394505188e+02
8.418000000000000000e+03 8.623735185580277403e+02
8.422200000000000728e+03 8.611169822698069538e+02
8.426399999999999636e+03 8.612180279419268345e+02
8.430600000000000364e+03 8.614543857750975349e+02
8.434799999999999272e+03 8.589337662650548282e+02
8.439000000000000000e+03 8.527530491123892489e+02
8.443200000000000728e+03 8.487486588789010966e+02
8.447399999999999636e+03 8.498673326789811426e+02
8.451600000000000364e+03 8.515916331039479701e+02
8.455799999999999272e+03 8.518435710663957252e+02
8.460000000000000000e+03 8.518684396665863687e+02
8.464200000000000728e+03 8.503572548624825913e+02
8.468399999999999636e+03 8.482942588413138765e+02
8.472600000000000364e+03 8.475861429771850908e+02
8.476799999999999272e+03 8.481435847499844840e+02
8.481000000000000000e+03 8.493586778382971261e+02
8.485200000000000728e+03 8.478462197416495201e+02
8.489399999999999636e+03 8.429295148969242746e+02
8.493600000000000364e+03 8.391153118906745476e+02
8.497799999999999272e+03 8.377226225591837192e+02
8.502000000000000000e+03 8.355396299375618128e+02
8.506200000000000728e+03 8.325801937313012786e+02
8.510399999999999636e+03 8.328625010384583902e+02
8.514600000000000364e+03 8.375075944062568851e+02
8.518799999999999272e+03 8.416672142340190703e+02
8.523000000000000000e+03 8.418607808536606854e+02
8.527200000000000728e+03 8.392674045446025275e+02
8.531399999999999636e+03 8.346966020007661200e+02
8.535600000000000364e+03 8.294938018400484907e+02
8.539799999999999272e+03 8.247415132039864147e+02
8.544000000000000000e+03 8.200621648613132493e+02
8.548200000000000728e+03 8.166423636073217267e+02
8.552399999999999636e+03 8.178793535122950971e+02
8.556600000000000364e+03 8.238094968630434778e+02
8.560799999999999272e+03 8.291947669933412044e+02
8.565000000000000000e+03 8.318988426798352975e+02
8.569200000000000728e+03 8.331145061966871026e+02
8.573399999999999636e+03 8.311799940394109854e+02
8.577600000000000364e+03 8.256456078730133186e+02
8.581799999999999272e+03 8.186315469151498974e+02
8.586000000000000000e+03 8.107285861445914179e+02
8.590200000000000728e+03 8.016978225493229502e+02
8.594399999999999636e+03 7.947199755185287131e+02
8.598600000000000364e+03 7.929645310370000288e+02
8.602799999999999272e+03 7.953560736273755083e+02
8.607000000000000000e+03 7.997857258103242657e+02
8.611200000000000728e+03 8.072534366035260973e+02
8.615399999999999636e+03 8.163386576063430766e+02
8.619600000000000364e+03 8.220817929116701634e+02
8.623799999999999272e+03 8.242593889582961992e+02
8.628000000000000000e+03 8.272046781596626488e+02
8.632200000000000728e+03 8.300079778613405779e+02
8.636399999999999636e+03 8.274385626293029645e+02
8.640600000000000364e+03 8.198406596741498333e+02
8.644799999999999272e+03 8.106686050668390635e+02
8.649000000000000000e+03 8.011566843179336956e+02
8.653200000000000728e+03 7.913994999203948737e+02
8.657399999999999636e+03 7.801718697464162915e+02
8.661600000000000364e+03 7.686577444406714221e+02
8.665799999999999272e+03 7.625914494765506788e+02
8.670000000000000000e+03 7.651085580780567170e+02
8.674200000000000728e+03 7.748442096016224241e+02
8.678399999999999636e+03 7.875133553765923580e+02
8.682600000000000364e+03 7.981741655734060714e+02
8.686799999999999272e+03 8.070001387051416941e+02
8.691000000000000000e+03 8.154507844987859926e+02
8.695200000000000728e+03 8.210736278946320681e+02
8.699399999999999636e+03 8.218388250919250595e+02
8.703600000000000364e+03 8.206073597729878202e+02
8.707799999999999272e+03 8.203220084852523541e+02
8.712000000000000000e+03 8.195161588699320419e+02
8.716200000000000728e+03 8.168811618696486221e+02
8.720399999999999636e+03 8.122850164515706410e+02
8.724600000000000364e+03 8.064811203835104152e+02
8.728799999999999272e+03 7.989584037514902093e+02
8.733000000000000000e+03 7.880873099467119118e+02
8.737200000000000728e+03 7.727174155706808278e+02
8.741399999999999636e+03 7.543749650999487812e+02
8.745600000000000364e+03 7.374932244619342327e+02
8.749799999999999272e+03 7.264688588482988507e+02
8.754000000000000000e+03 7.240693601165262407e+02
8.758200000000000728e+03 7.300280340149201947e+02
8.762399999999999636e+03 7.433598584069677599e+02
8.766600000000000364e+03 7.600932441225819503e+02
8.770799999999999272e+03 7.728422191130759984e+02
8.775000000000000000e+03 7.785724005555239273e+02
8.779200000000000728e+03 7.806482114224395445e+02
8.783399999999999636e+03 7.841730856411317063e+02
8.787600000000000364e+03 7.903522506498554776e+02
8.791799999999999272e+03 7.977552202093621645e+02
8.796000000000000000e+03 8.035535301101323284e+02
8.800200000000000728e+03 8.047929623860524089e+02
8.804399999999999636e+03 8.029448639474985612e+02
8.808600000000000364e+03 8.023271279266806459e+02
8.812799999999999272e+03 8.017693060520232393e+02
8.817000000000000000e+03 7.972152047881686485e+02
8.821200000000000728e+03 7.916221128792709578e+02
8.825399999999999636e+03 7.888391528433922986e+02
8.829600000000000364e+03 7.862545933447654534e+02
8.833799999999999272e+03 7.805093855492175408e+02
8.838000000000000000e+03 7.700186788494761458e+02
8.842200000000000728e+03 7.567084556552557615e+02
8.846399999999999636e+03 7.437519365406868701e+02
8.850600000000000364e+03 7.288058129907078637e+02
8.854799999999999272e+03 7.100676743195882636e+02
8.859000000000000000e+03 6.911365350178330118e+02
8.863200000000000728e+03 6.780288228125882597e+02
8.867399999999999636e+03 6.786168761630764266e+02
8.871600000000000364e+03 6.943290726488519340e+02
8.875799999999999272e+03 7.151913274020117797e+02
8.880000000000000000e+03 7.323645651526072697e+02
8.884200000000000728e+03 7.462916821412351283e+02
8.888399999999999636e+03 7.574990165233972448e+02
8.892600000000000364e+03 7.642293971224463576e+02
8.896799999999999272e+03 7.678945746975698512e+02
8.901000000000000000e+03 7.690448224558969059e+02
8.905200000000000728e+03 7.681568353902716808e+02
8.909399999999999636e+03 7.677933379105694485e+02
8.913600000000000364e+03 7.675434545814874809e+02
8.917799999999999272e+03 7.666229182299838385e+02
8.922000000000000000e+03 7.653865336657512444e+02
8.926200000000000728e+03 7.625845951820539312e+02
8.930399999999999636e+03 7.593105450457719598e+02
8.934600000000000364e+03 7.573541799532613368e+02
8.938799999999999272e+03 7.535478135910924493e+02
8.943000000000000000e+03 7.456358716130044968e+02
8.947200000000000728e+03 7.369040848439281035e+02
8.951399999999999636e+03 7.353859464426819841e+02
8.955600000000000364e+03 7.313072507568755327e+02
8.959799999999999272e+03 7.264548436175675761e+02
8.964000000000000000e+03 7.235783417093286971e+02
8.968200000000000728e+03 7.202556684904564008e+02
8.972399999999999636e+03 7.147727734150026890e+02
8.976600000000000364e+03 7.088943387472460245e+02
8.980799999999999272e+03 7.032005552207514256e+02
8.985000000000000000e+03 7.035599215872230161e+02
8.989200000000000728e+03 7.016348763458208850e+02
8.993399999999999636e+03 6.926110798134071729e+02
8.997600000000000364e+03 6.868784489554196853e+02
9.001799999999999272e+03 6.773459453385288498e+02
9.006000000000000000e+03 6.587571916924423476e+02
9.010200000000000728e+03 6.368136918756606519e+02
9.014399999999999636e+03 6.195831582813004843e+02
9.018600000000000364e+03 6.168151104969952030e+02
9.022799999999999272e+03 6.326544876159730393e+02
9.027000000000000000e+03 6.632516969324545926e+02
9.031200000000000728e+03 6.884974477248007361e+02
9.035399999999999636e+03 6.929828509268351127e+02
9.039600000000000364e+03 6.931046743303003268e+02
9.043799999999999272e+03 7.007891281003674067e+02
9.048000000000000000e+03 7.008806512778105571e+02
9.052200000000000728e+03 6.982403998476219158e+02
9.056399999999999636e+03 6.849045678054404789e+02
9.060600000000000364e+03 6.793527516725415580e+02
9.064799999999999272e+03 6.759908253038291832e+02
9.069000000000000000e+03 6.767035439511085997e+02
9.073200000000000728e+03 6.836098102426759624e+02
9.077399999999999636e+03 6.883896121905177097e+02
9.081600000000000364e+03 6.865062822461368341e+02
9.085799999999999272e+03 6.885364075257084551e+02
9.090000000000000000e+03 6.894987580976531945e+02
9.094200000000000728e+03 6.894459943803982469e+02
9.098399999999999636e+03 6.867065699339382263e+02
9.102600000000000364e+03 6.831158107957281800e+02
9.106799999999999272e+03 6.833349864399791613e+02
9.111000000000000000e+03 6.860964329981291030e+02
9.115200000000000728e+03 6.872659860787171056e+02
9.119399999999999636e+03 6.833964586377484238e+02
9.123600000000000364e+03 6.804132804128635144e+02
9.127799999999999272e+03 6.786924584933394726e+02
9.132000000000000000e+03 6.741203678305145104e+02
9.136200000000000728e+03 6.642048744747905857e+02
9.140399999999999636e+03 6.654184700596948687e+02
9.144600000000000364e+03 6.663583249029476292e+02
9.148799999999999272e+03 6.682038711920286005e+02
9.153000000000000000e+03 6.678367747288862120e+02
9.157200000000000728e+03 6.661681355960259907e+02
9.161399999999999636e+03 6.646324841450825716e+02
9.165600000000000364e+03 6.620449155248822990e+02
9.169799999999999272e+03 6.630427455364864500e+02
9.174000000000000000e+03 6.648256749168449460e+02
9.178200000000000728e+03 6.646763412143749292e+02
9.182399999999999636e+03 6.630600162131446496e+02
9.186600000000000364e+03 6.656464818539940325e+02
9.190799999999999272e+03 6.633742713007317207e+02
9.195000000000000000e+03 6.586850213117899102e+02
9.199200000000000728e+03 6.545414176878765602e+02
9.203399999999999636e+03 6.561100030508848704e+02
9.207600000000000364e+03 6.546306966963761624e+02
9.211799999999999272e+03 6.513587537720690079e+02
9.216000000000000000e+03 6.394878869307067362e+02
9.220200000000000728e+03 6.160849097480277123e+02
9.224399999999999636e+03 5.795154255174256832e+02
9.228600000000000364e+03 5.597957663404779396e+02
9.232799999999999272e+03 5.557588646860385779e+02
9.237000000000000000e+03 5.943350836763127063e+02
9.241200000000000728e+03 6.072010527293246014e+02
9.245399999999999636e+03 6.411768648689943575e+02
9.249600000000000364e+03 6.480840761097883842e+02
9.253799999999999272e+03 6.521583163308057465e+02
9.258000000000000000e+03 6.492125428183713893e+02
9.262200000000000728e+03 6.447583060868339544e+02
9.266399999999999636e+03 6.421303069958959213e+02
9.270600000000000364e+03 6.409343813947102717e+02
9.274799999999999272e+03 6.438966239558077405e+02
9.279000000000000000e+03 6.421062619637452826e+02
9.283200000000000728e+03 6.418563475768517037e+02
9.287399999999999636e+03 6.414649827913800664e+02
9.291600000000000364e+03 6.341503611159638467e+02
9.295799999999999272e+03 6.281736458116214408e+02
9.300000000000000000e+03 6.269304407407898907e+02
9.304200000000000728e+03 6.246937777380408079e+02
9.308399999999999636e+03 6.175884704916478540e+02
9.312600000000000364e+03 6.129758381295930576e+02
9.316799999999999272e+03 6.149441992691986343e+02
9.321000000000000000e+03 6.153075425361544148e+02
9.325200000000000728e+03 6.114443618459423533e+02
9.329399999999999636e+03 6.100449366311798940e+02
9.333600000000000364e+03 6.123995811646975653e+02
9.337799999999999272e+03 6.135078429841611296e+02
9.342000000000000000e+03 6.088993757564779798e+02
9.346200000000000728e+03 6.027748368163283885e+02
9.350399999999999636e+03 6.054647655861522253e+02
9.354600000000000364e+03 6.115314695867390355e+02
9.358799999999999272e+03 6.093305065805096774e+02
9.363000000000000000e+03 6.052338477035491451e+02
9.367200000000000728e+03 6.054491429122991804e+02
9.371399999999999636e+03 6.051740598003459581e+02
9.375600000000000364e+03 6.056463636209668948e+02
9.379799999999999272e+03 6.113052113959394092e+02
9.384000000000000000e+03 6.155243759492022946e+02
9.388200000000000728e+03 6.122722675679433451e+02
9.392399999999999636e+03 6.097616336638459416e+02
9.396600000000000364e+03 6.123895551762442437e+02
9.400799999999999272e+03 6.148817854573326258e+02
9.405000000000000000e+03 6.179589903682644945e+02
9.409200000000000728e+03 6.185002149707480612e+02
9.413399999999999636e+03 6.142599894282046762e+02
9.417600000000000364e+03 6.064692336457998181e+02
9.421799999999999272e+03 6.069340356976323392e+02
9.426000000000000000e+03 6.092147137557706174e+02
9.430200000000000728e+03 6.057305078421711642e+02
9.434399999999999636e+03 5.990798103804376069e+02
9.438600000000000364e+03 5.981499790175008684e+02
9.442799999999999272e+03 6.013726488847717064e+02
9.447000000000000000e+03 5.987167715769837741e+02
9.451200000000000728e+03 5.991552204598608569e+02
9.455399999999999636e+03 6.004010497611893697e+02
9.459600000000000364e+03 5.980420334529170532e+02
9.463799999999999272e+03 5.881744395269232655e+02
9.468000000000000000e+03 5.886603118987454764e+02
9.472200000000000728e+03 5.941054495087176974e+02
9.476399999999999636e+03 5.975888512629778688e+02
9.480600000000000364e+03 5.995226670940103304e+02
9.484799999999999272e+03 5.970695174713165443e+02
9.489000000000000000e+03 5.921454021499253031e+02
9.493200000000000728e+03 5.915125911325112611e+02
9.497399999999999636e+03 5.936572770637635585e+02
9.501600000000000364e+03 5.894456510292275198e+02
9.505799999999999272e+03 5.806733700397896882e+02
9.510000000000000000e+03 5.768783240563612935e+02
9.514200000000000728e+03 5.767355226504516850e+02
9.518399999999999636e+03 5.717594503042548695e+02
9.522600000000000364e+03 5.612575170601307946e+02
9.526799999999999272e+03 5.551305891251372486e+02
9.531000000000000000e+03 5.574479409300311090e+02
9.535200000000000728e+03 5.596617694037921638e+02
9.539399999999999636e+03 5.412465427277005574e+02
9.543600000000000364e+03 5.147884540092039742e+02
9.547799999999999272e+03 5.010148845153092907e+02
9.552000000000000000e+03 5.063008157826485558e+02
9.556200000000000728e+03 5.215101841502195157e+02
9.560399999999999636e+03 5.398400837604772278e+02
9.564600000000000364e+03 5.583617122706413056e+02
9.568799999999999272e+03 5.789996483617539980e+02
9.573000000000000000e+03 5.793821844988814291e+02
9.577200000000000728e+03 5.758430651370064197e+02
9.581399999999999636e+03 5.741155529265465702e+02
9.585600000000000364e+03 5.734488025838453495e+02
9.589799999999999272e+03 5.728516324554752828e+02
9.594000000000000000e+03 5.762272952217774673e+02
9.598200000000000728e+03 5.758769082257161926e+02
9.602399999999999636e+03 5.734316616279957088e+02
9.606600000000000364e+03 5.734741401564598391e+02
9.610799999999999272e+03 5.755435288854237115e+02
9.615000000000000000e+03 5.752262249067103994e+02
9.619200000000000728e+03 5.715777908756041370e+02
9.623399999999999636e+03 5.690103671896642936e+02
9.627600000000000364e+03 5.703233835154755980e+02
9.631799999999999272e+03 5.710923498700132086e+02
9.636000000000000000e+03 5.686534417875625422e+02
9.640200000000000728e+03 5.696828777230851983e+02
9.644399999999999636e+03 5.719193967449298270e+02
9.648600000000000364e+03 5.721325415053661345e+02
9.652799999999999272e+03 5.691288992292884359e+02
9.657000000000000000e+03 5.683773880426250571e+02
9.661200000000000728e+03 5.719566441333970488e+02
9.665399999999999636e+03 5.743248276480466075e+02
9.669600000000000364e+03 5.737995938689273316e+02
9.673799999999999272e+03 5.722252874489316810e+02
9.678000000000000000e+03 5.715760451898491965e+02
9.682200000000000728e+03 5.715064760022801238e+02
9.686399999999999636e+03 5.724696355820369718e+02
9.690600000000000364e+03 5.684600117221912114e+02
9.694799999999999272e+03 5.666717289194339173e+02
9.699000000000000000e+03 5.633461570483385685e+02
9.703200000000000728e+03 5.627082579468735730e+02
9.707399999999999636e+03 5.651391628276160191e+02
9.711600000000000364e+03 5.659885974106567801e+02
9.715799999999999272e+03 5.637208812734729690e+02
9.720000000000000000e+03 5.611677764334199310e+02
9.724200000000000728e+03 5.621878944114920387e+02
9.728399999999999636e+03 5.585093095642890830e+02
9.732600000000000364e+03 5.574828419875290137e+02
9.736799999999999272e+03 5.619177564334584076e+02
9.741000000000000000e+03 5.630334121887630090e+02
9.745200000000000728e+03 5.639281078380042800e+02
9.749399999999999636e+03 5.596770215359617850e+02
9.753600000000000364e+03 5.554377241121118232e+02
9.757799999999999272e+03 5.541986071538176475e+02
9.762000000000000000e+03 5.544362890944356650e+02
9.766200000000000728e+03 5.629969304141943667e+02
9.770399999999999636e+03 5.611520664313569569e+02
9.774600000000000364e+03 5.555808483614817987e+02
9.778799999999999272e+03 5.541994966711623647e+02
9.783000000000000000e+03 5.553069994905415570e+02
9.787200000000000728e+03 5.577406884449547988e+02
9.791399999999999636e+03 5.612439456137552725e+02
9.795600000000000364e+03 5.667025536252929214e+02
9.799799999999999272e+03 5.671616141125583681e+02
9.804000000000000000e+03 5.596166786017965933e+02
9.808200000000000728e+03 5.586947993329010842e+02
9.812399999999999636e+03 5.596065216583023130e+02
9.816600000000000364e+03 5.610829409048237721e+02
9.820799999999999272e+03 5.653215241990460527e+02
9.825000000000000000e+03 5.708633169605693638e+02
9.829200000000000728e+03 5.710273513021325016e+02
9.833399999999999636e+03 5.674999707540076770e+02
9.837600000000000364e+03 5.640984867167551329e+02
9.841799999999999272e+03 5.623985394666851789e+02
9.846000000000000000e+03 5.658972609153106532e+02
9.850200000000000728e+03 5.709356444611094048e+02
9.854399999999999636e+03 5.714797962608303123e+02
9.858600000000000364e+03 5.701048854466550893e+02
9.862799999999999272e+03 5.698975654733169449e+02
9.867000000000000000e+03 5.692080039550295396e+02
9.871200000000000728e+03 5.674000271987869155e+02
9.875399999999999636e+03 5.696234547868157279e+02
9.879600000000000364e+03 5.778864770665027208e+02
9.883799999999999272e+03 5.795319142073716421e+02
9.888000000000000000e+03 5.677855546875406390e+02
9.892200000000000728e+03 5.559547921696996582e+02
9.896399999999999636e+03 5.563431863187105364e+02
9.900600000000000364e+03 5.670198011713359847e+02
9.904799999999999272e+03 5.759779178682515521e+02
9.909000000000000000e+03 5.764764865560958924e+02
9.913200000000000728e+03 5.698407701578064462e+02
9.917399999999999636e+03 5.600123370675840988e+02
9.921600000000000364e+03 5.563317253598728485e+02
9.925799999999999272e+03 5.556562638479661018e+02
9.930000000000000000e+03 5.543126091116472480e+02
9.934200000000000728e+03 5.540991148362295462e+02
9.938399999999999636e+03 5.567398528142056193e+02
9.942600000000000364e+03 5.615666643150270829e+02
9.946799999999999272e+03 5.660287405023984775e+02
9.951000000000000000e+03 5.709259750104461091e+02
9.955200000000000728e+03 5.768744122158569780e+02
9.959399999999999636e+03 5.818176663864389866e+02
9.963600000000000364e+03 5.769480193646907082e+02
9.967799999999999272e+03 5.684949665642914169e+02
9.972000000000000000e+03 5.675089500252043990e+02
9.976200000000000728e+03 5.663265996614228470e+02
9.980399999999999636e+03 5.553635336575990777e+02
9.984600000000000364e+03 5.421555559767290333e+02
9.988799999999999272e+03 5.408671680902467642e+02
9.993000000000000000e+03 5.476984096837580864e+02
9.997200000000000728e+03 5.483987973284175723e+02
1.000139999999999964e+04 5.394654813081565408e+02
1.000560000000000036e+04 5.369959138477815941e+02
1.000979999999999927e+04 5.382232500108916611e+02
1.001400000000000000e+04 5.312049099654767588e+02
1.001820000000000073e+04 5.269505469429893765e+02
1.002239999999999964e+04 5.237955341166117478e+02
1.002660000000000036e+04 5.161095265636316753e+02
1.003079999999999927e+04 5.034103173867241594e+02
1.003500000000000000e+04 4.881198858900947926e+02
1.003920000000000073e+04 4.736123756628552428e+02
1.004339999999999964e+04 4.715499848348775913e+02
1.004760000000000036e+04 4.892699918452860857e+02
1.005179999999999927e+04 4.917151359924988014e+02
1.005600000000000000e+04 4.930270248019966743e+02
1.006020000000000073e+04 4.999148357194131904e+02
1.006439999999999964e+04 5.126175570339231626e+02
1.006860000000000036e+04 5.287070227974476211e+02
1.007279999999999927e+04 5.346096981640949934e+02
1.007700000000000000e+04 5.315042451413102071e+02
1.008120000000000073e+04 5.271822668531378895e+02
1.008539999999999964e+04 5.315828969413520326e+02
1.008960000000000036e+04 5.436624733527528406e+02
1.009379999999999927e+04 5.552491010539274612e+02
1.009800000000000000e+04 5.493517622318906888e+02
1.010220000000000073e+04 5.169604636243713003e+02
1.010639999999999964e+04 5.067949614197399342e+02
1.011060000000000036e+04 5.202252130848124807e+02
1.011479999999999927e+04 5.102119836811628488e+02
1.011900000000000000e+04 4.938261262676317074e+02
1.012320000000000073e+04 4.937301181039462108e+02
1.012739999999999964e+04 5.086948344338140942e+02
1.013160000000000036e+04 5.030616188973191925e+02
1.013579999999999927e+04 4.948267734403366376e+02
1.014000000000000000e+04 4.774120150584415683e+02
1.014420000000000073e+04 4.794039948158670086e+02
1.014839999999999964e+04 4.950603008735014896e+02
1.015260000000000036e+04 4.651603654183903700e+02
1.015679999999999927e+04 4.101280312238953343e+02
1.016100000000000000e+04 4.134094044813528512e+02
1.016520000000000073e+04 4.786492680665946295e+02
