# From https://snfactory.lbl.gov/snf/snf-specstars.html
#  Wave, Flux 1e-16 erg/s/cm2/AA
3.000000000000000000e+03 5.904277285492384664e+01
3.004199999999999818e+03 3.726418018475730776e+01
3.008400000000000091e+03 2.543958924030728852e+01
3.012599999999999909e+03 2.510882045504591886e+01
3.016800000000000182e+03 3.884080442496104268e+01
3.021000000000000000e+03 6.917478279797394691e+01
3.025199999999999818e+03 8.998975538017293729e+01
3.029400000000000091e+03 7.385841994833799617e+01
3.033599999999999909e+03 4.869906504109331280e+01
3.037800000000000182e+03 4.443067377194133627e+01
3.042000000000000000e+03 5.578415196490057326e+01
3.046199999999999818e+03 7.745053590772523933e+01
3.050400000000000091e+03 9.364135086720803258e+01
3.054599999999999909e+03 8.967937231491445971e+01
3.058800000000000182e+03 8.046723745459959787e+01
3.063000000000000000e+03 7.980815319451139089e+01
3.067199999999999818e+03 8.999224034441435549e+01
3.071400000000000091e+03 1.116103563752303387e+02
3.075599999999999909e+03 1.298403119545043012e+02
3.079800000000000182e+03 1.330700210044163612e+02
3.084000000000000000e+03 1.295974678023071363e+02
3.088199999999999818e+03 1.270885478784880149e+02
3.092400000000000091e+03 1.304433445479545526e+02
3.096599999999999909e+03 1.425722606196494269e+02
3.100800000000000182e+03 1.565862934207691239e+02
3.105000000000000000e+03 1.674025409381229395e+02
3.109199999999999818e+03 1.774172881291263764e+02
3.113400000000000091e+03 1.878622037351674976e+02
3.117599999999999909e+03 1.973733303351610289e+02
3.121800000000000182e+03 2.054561294019746356e+02
3.126000000000000000e+03 2.131470407022667359e+02
3.130199999999999818e+03 2.206526159042384165e+02
3.134400000000000091e+03 2.258876136519128011e+02
3.138599999999999909e+03 2.292816581729672691e+02
3.142800000000000182e+03 2.364154015693526674e+02
3.147000000000000000e+03 2.487022812439384722e+02
3.151199999999999818e+03 2.602994911463429730e+02
3.155400000000000091e+03 2.687994726331407946e+02
3.159599999999999909e+03 2.770722582602759871e+02
3.163800000000000182e+03 2.857427442146949943e+02
3.168000000000000000e+03 2.929023855956389184e+02
3.172199999999999818e+03 2.972488158135508911e+02
3.176400000000000091e+03 2.976479392080216826e+02
3.180599999999999909e+03 2.960241518664117848e+02
3.184800000000000182e+03 2.974575013724791006e+02
3.189000000000000000e+03 3.052925569010185995e+02
3.193199999999999818e+03 3.216510796761892266e+02
3.197400000000000091e+03 3.414816045956003450e+02
3.201599999999999909e+03 3.527663179802084414e+02
3.205800000000000182e+03 3.535610423447824360e+02
3.210000000000000000e+03 3.503992677368468094e+02
3.214199999999999818e+03 3.481444379869621457e+02
3.218400000000000091e+03 3.509305811474443999e+02
3.222599999999999909e+03 3.580011726522916433e+02
3.226800000000000182e+03 3.646339970915531694e+02
3.231000000000000000e+03 3.697152278493257995e+02
3.235199999999999818e+03 3.744303008830378872e+02
3.239400000000000091e+03 3.782614639286834972e+02
3.243599999999999909e+03 3.799431956768877967e+02
3.247800000000000182e+03 3.808927442917542407e+02
3.252000000000000000e+03 3.838381883871221589e+02
3.256199999999999818e+03 3.886468130532376222e+02
3.260400000000000091e+03 3.941481439360834997e+02
3.264599999999999909e+03 3.981853726272740346e+02
3.268800000000000182e+03 3.980710149726053828e+02
3.273000000000000000e+03 3.969037882966642314e+02
3.277199999999999818e+03 3.996127739406872479e+02
3.281400000000000091e+03 4.064535370213853867e+02
3.285599999999999909e+03 4.163435826695513242e+02
3.289800000000000182e+03 4.251187520529290396e+02
3.294000000000000000e+03 4.278682541690863559e+02
3.298199999999999818e+03 4.256055474434029975e+02
3.302400000000000091e+03 4.208292358462073821e+02
3.306599999999999909e+03 4.168059710305249155e+02
3.310800000000000182e+03 4.169417276940808961e+02
3.315000000000000000e+03 4.209458082851681979e+02
3.319199999999999818e+03 4.273920220199612459e+02
3.323400000000000091e+03 4.348145053509920785e+02
3.327599999999999909e+03 4.419193554486049038e+02
3.331800000000000182e+03 4.431465851402527960e+02
3.336000000000000000e+03 4.332286513969184512e+02
3.340199999999999818e+03 4.208587019274777958e+02
3.344400000000000091e+03 4.149319004665770194e+02
3.348599999999999909e+03 4.153007437912585829e+02
3.352800000000000182e+03 4.213140663247593238e+02
3.357000000000000000e+03 4.262521398439546942e+02
3.361199999999999818e+03 4.239245276907924449e+02
3.365400000000000091e+03 4.174109847411863257e+02
3.369599999999999909e+03 4.100686379442394696e+02
3.373800000000000182e+03 4.056715831653992836e+02
3.378000000000000000e+03 4.072470661127218818e+02
3.382199999999999818e+03 4.119596536179390682e+02
3.386400000000000091e+03 4.170006613845590095e+02
3.390599999999999909e+03 4.217432489533830449e+02
3.394800000000000182e+03 4.253993947980316079e+02
3.399000000000000000e+03 4.267985404332105190e+02
3.403199999999999818e+03 4.257927962727031286e+02
3.407400000000000091e+03 4.255739306772603641e+02
3.411599999999999909e+03 4.278357222188282663e+02
3.415800000000000182e+03 4.296555106666397137e+02
3.420000000000000000e+03 4.290432192383748884e+02
3.424199999999999818e+03 4.261308818937890237e+02
3.428400000000000091e+03 4.216792996048205850e+02
3.432599999999999909e+03 4.181295474774721015e+02
3.436800000000000182e+03 4.170697919395593090e+02
3.441000000000000000e+03 4.188127644231312843e+02
3.445199999999999818e+03 4.218250606523969850e+02
3.449400000000000091e+03 4.205853457086006415e+02
3.453599999999999909e+03 4.146151655561012035e+02
3.457800000000000182e+03 4.120192571710770153e+02
3.462000000000000000e+03 4.161243479476211746e+02
3.466199999999999818e+03 4.237620090039582124e+02
3.470400000000000091e+03 4.311279562806346917e+02
3.474599999999999909e+03 4.329638373575389778e+02
3.478800000000000182e+03 4.286534583264053140e+02
3.483000000000000000e+03 4.232006302539932108e+02
3.487199999999999818e+03 4.208967213048846361e+02
3.491400000000000091e+03 4.257533163867041708e+02
3.495599999999999909e+03 4.352129337819857255e+02
3.499800000000000182e+03 4.397671662575282312e+02
3.504000000000000000e+03 4.368829134519678519e+02
3.508199999999999818e+03 4.301189394408799558e+02
3.512400000000000091e+03 4.233205169020529297e+02
3.516599999999999909e+03 4.210477114923617137e+02
3.520800000000000182e+03 4.235128028139912999e+02
3.525000000000000000e+03 4.270660144974042964e+02
3.529199999999999818e+03 4.313687834286564566e+02
3.533400000000000091e+03 4.384293759105008803e+02
3.537599999999999909e+03 4.455206148614149129e+02
3.541800000000000182e+03 4.468987989743736762e+02
3.546000000000000000e+03 4.449096157636531075e+02
3.550199999999999818e+03 4.466256028313425190e+02
3.554400000000000091e+03 4.487749986183372926e+02
3.558599999999999909e+03 4.432032188554278491e+02
3.562800000000000182e+03 4.330463350436784253e+02
3.567000000000000000e+03 4.258327273306833263e+02
3.571199999999999818e+03 4.236906780726405373e+02
3.575400000000000091e+03 4.268900016036345733e+02
3.579599999999999909e+03 4.326176719390866197e+02
3.583800000000000182e+03 4.367628834260620465e+02
3.588000000000000000e+03 4.383776315893931610e+02
3.592199999999999818e+03 4.375142852003908729e+02
3.596400000000000091e+03 4.357659344667085293e+02
3.600599999999999909e+03 4.353910530898201614e+02
3.604800000000000182e+03 4.361972326371210329e+02
3.609000000000000000e+03 4.374208605014355840e+02
3.613199999999999818e+03 4.396926962493444648e+02
3.617400000000000091e+03 4.435679781449438792e+02
3.621599999999999909e+03 4.486175835584410265e+02
3.625800000000000182e+03 4.543992076966692366e+02
3.630000000000000000e+03 4.585387097888919925e+02
3.634199999999999818e+03 4.585256198419738212e+02
3.638400000000000091e+03 4.574634160638578351e+02
3.642599999999999909e+03 4.589298309176799080e+02
3.646800000000000182e+03 4.603088899034372616e+02
3.651000000000000000e+03 4.589882721787384980e+02
3.655199999999999818e+03 4.579214261250163531e+02
3.659400000000000091e+03 4.597370314549793306e+02
3.663599999999999909e+03 4.607625297335488881e+02
3.667800000000000182e+03 4.579709833757085562e+02
3.672000000000000000e+03 4.568818541674828566e+02
3.676199999999999818e+03 4.615970166739874117e+02
3.680400000000000091e+03 4.650409644772036017e+02
3.684599999999999909e+03 4.620963724026360069e+02
3.688800000000000182e+03 4.577823416206260276e+02
3.693000000000000000e+03 4.562455477227753136e+02
3.697199999999999818e+03 4.590493385951144205e+02
3.701400000000000091e+03 4.664587170532121831e+02
3.705599999999999909e+03 4.725809155043885426e+02
3.709800000000000182e+03 4.735221086737496421e+02
3.714000000000000000e+03 4.731136256750120310e+02
3.718199999999999818e+03 4.736524211941993485e+02
3.722400000000000091e+03 4.723100379332773286e+02
3.726599999999999909e+03 4.686964838454997562e+02
3.730800000000000182e+03 4.681718731029072273e+02
3.735000000000000000e+03 4.730293001380651390e+02
3.739199999999999818e+03 4.790533313667855282e+02
3.743400000000000091e+03 4.837364161050236930e+02
3.747599999999999909e+03 4.874283600715863827e+02
3.751800000000000182e+03 4.912492457616854153e+02
3.756000000000000000e+03 4.987169024617394371e+02
3.760199999999999818e+03 5.092597641222378684e+02
3.764400000000000091e+03 5.148843899036554603e+02
3.768599999999999909e+03 5.145613559218035107e+02
3.772800000000000182e+03 5.172657079639200219e+02
3.777000000000000000e+03 5.259437336304403061e+02
3.781199999999999818e+03 5.368809030141977701e+02
3.785400000000000091e+03 5.447154570367083579e+02
3.789599999999999909e+03 5.410264669743397690e+02
3.793800000000000182e+03 5.283970573113840601e+02
3.798000000000000000e+03 5.211267108496143692e+02
3.802199999999999818e+03 5.259195797484753712e+02
3.806400000000000091e+03 5.425557935291202512e+02
3.810599999999999909e+03 5.649714845156046295e+02
3.814800000000000182e+03 5.817571194199992988e+02
3.819000000000000000e+03 5.864971930918120506e+02
3.823199999999999818e+03 5.774457904294066566e+02
3.827400000000000091e+03 5.584310392406511028e+02
3.831599999999999909e+03 5.372308275622337987e+02
3.835800000000000182e+03 5.237805231434472262e+02
3.840000000000000000e+03 5.287359084517268002e+02
3.844199999999999818e+03 5.509006768629581074e+02
3.848400000000000091e+03 5.817559620174181418e+02
3.852599999999999909e+03 6.116252610338661952e+02
3.856800000000000182e+03 6.298759375095860378e+02
3.861000000000000000e+03 6.364285466817337920e+02
3.865199999999999818e+03 6.369088931635363906e+02
3.869400000000000091e+03 6.318558344950865830e+02
3.873599999999999909e+03 6.209658409981535669e+02
3.877800000000000182e+03 6.027572490372148195e+02
3.882000000000000000e+03 5.751408204508588824e+02
3.886199999999999818e+03 5.483110015508090100e+02
3.890400000000000091e+03 5.356840822651179224e+02
3.894599999999999909e+03 5.395249531370377554e+02
3.898800000000000182e+03 5.582225032580809057e+02
3.903000000000000000e+03 5.843057393006062057e+02
3.907199999999999818e+03 6.081657665315306076e+02
3.911400000000000091e+03 6.248226894465560690e+02
3.915599999999999909e+03 6.310628508376290711e+02
3.919800000000000182e+03 6.262697537498935390e+02
3.924000000000000000e+03 6.117461675883326961e+02
3.928199999999999818e+03 5.932395162757378557e+02
3.932400000000000091e+03 5.766627249686921459e+02
3.936599999999999909e+03 5.706511258576645105e+02
3.940800000000000182e+03 5.826777918507100367e+02
3.945000000000000000e+03 6.000110376515815460e+02
3.949199999999999818e+03 6.087836750782163335e+02
3.953400000000000091e+03 6.043878690908529734e+02
3.957599999999999909e+03 5.840868920498932084e+02
3.961800000000000182e+03 5.547536385722169143e+02
3.966000000000000000e+03 5.248846049935002611e+02
3.970199999999999818e+03 5.086329425874706089e+02
3.974400000000000091e+03 5.171661679492452777e+02
3.978599999999999909e+03 5.434113412775512870e+02
3.982800000000000182e+03 5.784905352541828734e+02
3.987000000000000000e+03 6.114047147488976179e+02
3.991199999999999818e+03 6.327938837610516885e+02
3.995400000000000091e+03 6.444433167552240320e+02
3.999599999999999909e+03 6.493698719441828189e+02
4.003800000000000182e+03 6.519593292213337463e+02
4.008000000000000000e+03 6.560332160785144424e+02
4.012199999999999818e+03 6.611075357221418471e+02
4.016400000000000091e+03 6.659771643193573709e+02
4.020599999999999909e+03 6.668613051702504890e+02
4.024800000000000182e+03 6.621930923136806086e+02
4.029000000000000000e+03 6.574015442942942400e+02
4.033199999999999818e+03 6.557370728296772313e+02
4.037400000000000091e+03 6.551152321095786419e+02
4.041599999999999909e+03 6.543386851389288950e+02
4.045800000000000182e+03 6.538113184557558952e+02
4.050000000000000000e+03 6.535325278178856934e+02
4.054199999999999818e+03 6.534779170979670653e+02
4.058400000000000091e+03 6.528111388040168777e+02
4.062599999999999909e+03 6.488153653511258199e+02
4.066800000000000182e+03 6.417584932017853134e+02
4.071000000000000000e+03 6.367765328610621509e+02
4.075199999999999818e+03 6.348094738067740082e+02
4.079400000000000091e+03 6.313943213484474200e+02
4.083599999999999909e+03 6.230556869929954473e+02
4.087800000000000182e+03 6.072702086039957976e+02
4.092000000000000000e+03 5.853801675752757774e+02
4.096199999999999818e+03 5.629721982675695244e+02
4.100399999999999636e+03 5.461309697706233237e+02
4.104600000000000364e+03 5.409729789780947158e+02
4.108800000000000182e+03 5.494184642427298968e+02
4.113000000000000000e+03 5.695184994981733553e+02
4.117199999999999818e+03 5.945348632262516730e+02
4.121399999999999636e+03 6.135863946145451564e+02
4.125600000000000364e+03 6.239747531757146817e+02
4.129800000000000182e+03 6.296616090535468402e+02
4.134000000000000000e+03 6.326278548235178505e+02
4.138199999999999818e+03 6.338730710872590635e+02
4.142399999999999636e+03 6.343970992711183499e+02
4.146600000000000364e+03 6.348410013766545035e+02
4.150800000000000182e+03 6.355206089196241237e+02
4.155000000000000000e+03 6.365128834317994233e+02
4.159199999999999818e+03 6.375843462460970841e+02
4.163399999999999636e+03 6.381649959348833363e+02
4.167600000000000364e+03 6.388769153865075623e+02
4.171800000000000182e+03 6.410299119449599630e+02
4.176000000000000000e+03 6.428716507429978719e+02
4.180199999999999818e+03 6.414504776777590678e+02
4.184399999999999636e+03 6.383794053567679612e+02
4.188600000000000364e+03 6.367712954701623858e+02
4.192800000000000182e+03 6.365623690366843448e+02
4.197000000000000000e+03 6.368297099489611810e+02
4.201199999999999818e+03 6.367230046370914351e+02
4.205399999999999636e+03 6.353289335071335699e+02
4.209600000000000364e+03 6.330872879871155874e+02
4.213800000000000182e+03 6.306747113760367256e+02
4.218000000000000000e+03 6.290716360644632914e+02
4.222199999999999818e+03 6.293665425867845897e+02
4.226399999999999636e+03 6.294656844410498024e+02
4.230600000000000364e+03 6.268524456586874294e+02
4.234800000000000182e+03 6.232000017793116058e+02
4.239000000000000000e+03 6.205980713529926334e+02
4.243199999999999818e+03 6.191761934870593223e+02
4.247399999999999636e+03 6.187894908528612632e+02
4.251600000000000364e+03 6.202638320817924296e+02
4.255800000000000182e+03 6.243251558528718306e+02
4.260000000000000000e+03 6.268361817301407655e+02
4.264199999999999818e+03 6.240136978429175088e+02
4.268399999999999636e+03 6.203589214603175606e+02
4.272600000000000364e+03 6.199501685511761480e+02
4.276800000000000182e+03 6.192633415459631578e+02
4.281000000000000000e+03 6.154925478847389968e+02
4.285199999999999818e+03 6.116106824554116201e+02
4.289399999999999636e+03 6.097729570242179307e+02
4.293600000000000364e+03 6.076732096975377999e+02
4.297800000000000182e+03 6.037440331792504367e+02
4.302000000000000000e+03 5.997640667485871973e+02
4.306199999999999818e+03 5.968935163737241965e+02
4.310399999999999636e+03 5.941801056215488188e+02
4.314600000000000364e+03 5.908159026432988412e+02
4.318800000000000182e+03 5.875692636437144074e+02
4.323000000000000000e+03 5.835133326464007268e+02
4.327199999999999818e+03 5.721097087624631286e+02
4.331399999999999636e+03 5.507984003928544325e+02
4.335600000000000364e+03 5.249897684322052100e+02
4.339800000000000182e+03 5.026177524006679391e+02
4.344000000000000000e+03 4.983490349144682341e+02
4.348199999999999818e+03 5.171853701651219808e+02
4.352399999999999636e+03 5.446125581553624215e+02
4.356600000000000364e+03 5.692589670855329587e+02
4.360800000000000182e+03 5.858371612186590482e+02
4.365000000000000000e+03 5.926042456837685677e+02
4.369199999999999818e+03 5.945842552079682264e+02
4.373399999999999636e+03 5.960392416659519768e+02
4.377600000000000364e+03 5.996434626145468201e+02
4.381800000000000182e+03 6.049119341428690859e+02
4.386000000000000000e+03 6.062112616445626827e+02
4.390199999999999818e+03 6.027714082505126498e+02
4.394399999999999636e+03 5.998712978842055463e+02
4.398600000000000364e+03 5.995540140322416391e+02
4.402800000000000182e+03 6.006470371078066819e+02
4.407000000000000000e+03 6.021478689655749577e+02
4.411199999999999818e+03 6.027923848699512064e+02
4.415399999999999636e+03 6.026888377748645098e+02
4.419600000000000364e+03 6.034528252495750849e+02
4.423800000000000182e+03 6.047700648535939081e+02
4.428000000000000000e+03 6.046137649206484639e+02
4.432199999999999818e+03 6.034406408282894745e+02
4.436399999999999636e+03 6.035925371240870163e+02
4.440600000000000364e+03 6.044521762406326388e+02
4.444800000000000182e+03 6.034493260642900623e+02
4.449000000000000000e+03 6.008809605512934695e+02
4.453199999999999818e+03 5.988152526993359288e+02
4.457399999999999636e+03 5.969061276641276663e+02
4.461600000000000364e+03 5.935263325609470257e+02
4.465800000000000182e+03 5.902319517127385780e+02
4.470000000000000000e+03 5.900301557014271339e+02
4.474199999999999818e+03 5.922955473181492607e+02
4.478399999999999636e+03 5.948938681558668122e+02
4.482600000000000364e+03 5.969380755376125762e+02
4.486800000000000182e+03 5.979100210536043960e+02
4.491000000000000000e+03 5.980247312936725166e+02
4.495199999999999818e+03 5.978651193468629117e+02
4.499399999999999636e+03 5.975084434928385235e+02
4.503600000000000364e+03 5.969275643615779927e+02
4.507800000000000182e+03 5.962659043837232957e+02
4.512000000000000000e+03 5.956773307204861112e+02
4.516199999999999818e+03 5.951451816823647505e+02
4.520399999999999636e+03 5.946309666054639820e+02
4.524600000000000364e+03 5.940033200433464344e+02
4.528800000000000182e+03 5.931314751841939596e+02
4.533000000000000000e+03 5.921364785467371803e+02
4.537199999999999818e+03 5.911659449677704288e+02
4.541399999999999636e+03 5.902958683467985566e+02
4.545600000000000364e+03 5.896181203719328323e+02
4.549800000000000182e+03 5.888662200255560037e+02
4.554000000000000000e+03 5.877697109313875217e+02
4.558199999999999818e+03 5.867627038122533349e+02
4.562399999999999636e+03 5.862495705222611377e+02
4.566600000000000364e+03 5.860508633512675942e+02
4.570800000000000182e+03 5.860043195565862106e+02
4.575000000000000000e+03 5.858832175026792584e+02
4.579199999999999818e+03 5.854988286518346285e+02
4.583399999999999636e+03 5.851803493846020956e+02
4.587600000000000364e+03 5.852024916618258885e+02
4.591800000000000182e+03 5.850477686372346398e+02
4.596000000000000000e+03 5.844417260333033255e+02
4.600199999999999818e+03 5.844829238872439419e+02
4.604399999999999636e+03 5.859319286033771732e+02
4.608600000000000364e+03 5.882192373392622358e+02
4.612800000000000182e+03 5.906796442322682879e+02
4.617000000000000000e+03 5.925616017953398114e+02
4.621199999999999818e+03 5.931106541064527846e+02
4.625399999999999636e+03 5.915434673156595409e+02
4.629600000000000364e+03 5.876764885101632672e+02
4.633800000000000182e+03 5.825895418469341394e+02
4.638000000000000000e+03 5.774731099689751090e+02
4.642199999999999818e+03 5.734526450167164739e+02
4.646399999999999636e+03 5.715208323265129593e+02
4.650600000000000364e+03 5.726368343341507625e+02
4.654800000000000182e+03 5.761919725312224045e+02
4.659000000000000000e+03 5.784313644817634668e+02
4.663199999999999818e+03 5.777729031457027986e+02
4.667399999999999636e+03 5.766379366756349327e+02
4.671600000000000364e+03 5.763283126143689969e+02
4.675800000000000182e+03 5.765558744619659137e+02
4.680000000000000000e+03 5.769704202185517943e+02
4.684199999999999818e+03 5.768652727182189892e+02
4.688399999999999636e+03 5.759276644313478073e+02
4.692600000000000364e+03 5.745001973036518166e+02
4.696800000000000182e+03 5.726656318259846330e+02
4.701000000000000000e+03 5.700759929114319675e+02
4.705199999999999818e+03 5.674048948576690918e+02
4.709399999999999636e+03 5.663567693836524768e+02
4.713600000000000364e+03 5.671054283617747842e+02
4.717800000000000182e+03 5.683792342953884145e+02
4.722000000000000000e+03 5.693315997521797271e+02
4.726199999999999818e+03 5.694729016449113033e+02
4.730399999999999636e+03 5.686977666668773281e+02
4.734600000000000364e+03 5.672554370109891124e+02
4.738800000000000182e+03 5.656873865648710762e+02
4.743000000000000000e+03 5.647639998881984411e+02
4.747199999999999818e+03 5.644457362376133460e+02
4.751399999999999636e+03 5.640661887387541356e+02
4.755600000000000364e+03 5.638539380380688044e+02
4.759800000000000182e+03 5.646246643287652205e+02
4.764000000000000000e+03 5.654077396671328870e+02
4.768199999999999818e+03 5.643393425967424264e+02
4.772399999999999636e+03 5.619731685631638811e+02
4.776600000000000364e+03 5.599683824858793741e+02
4.780800000000000182e+03 5.587944745907633433e+02
4.785000000000000000e+03 5.583999496994308629e+02
4.789199999999999818e+03 5.589890583056107971e+02
4.793399999999999636e+03 5.607869667466559349e+02
4.797600000000000364e+03 5.624827174203305731e+02
4.801800000000000182e+03 5.623945716935223800e+02
4.806000000000000000e+03 5.606421192216420195e+02
4.810199999999999818e+03 5.576927346585996474e+02
4.814399999999999636e+03 5.558695877223844946e+02
4.818600000000000364e+03 5.579040346332134277e+02
4.822800000000000182e+03 5.609068583111322823e+02
4.827000000000000000e+03 5.609480686526223963e+02
4.831199999999999818e+03 5.581143917183604799e+02
4.835399999999999636e+03 5.527292432464386138e+02
4.839600000000000364e+03 5.468325005537233210e+02
4.843800000000000182e+03 5.430462874616106319e+02
4.848000000000000000e+03 5.346382571842503921e+02
4.852199999999999818e+03 5.152284876635870887e+02
4.856399999999999636e+03 4.899506676827274987e+02
4.860600000000000364e+03 4.643372121849754990e+02
4.864800000000000182e+03 4.510443779408019509e+02
4.869000000000000000e+03 4.611282250530638862e+02
4.873199999999999818e+03 4.833133414650653208e+02
4.877399999999999636e+03 5.057600330160405520e+02
4.881600000000000364e+03 5.236641873364239927e+02
4.885800000000000182e+03 5.329247429164695404e+02
4.890000000000000000e+03 5.374072690553357461e+02
4.894199999999999818e+03 5.413097247245989365e+02
4.898399999999999636e+03 5.452714536564053560e+02
4.902600000000000364e+03 5.497691081809468869e+02
4.906800000000000182e+03 5.521849193630143873e+02
4.911000000000000000e+03 5.507891626289671194e+02
4.915199999999999818e+03 5.487858017021044361e+02
4.919399999999999636e+03 5.484095148237931880e+02
4.923600000000000364e+03 5.482412748445168518e+02
4.927800000000000182e+03 5.475138483135795013e+02
4.932000000000000000e+03 5.475138616448529092e+02
4.936199999999999818e+03 5.486454215243600174e+02
4.940399999999999636e+03 5.493093971229116050e+02
4.944600000000000364e+03 5.486039442284940151e+02
4.948800000000000182e+03 5.470026740405301098e+02
4.953000000000000000e+03 5.452863154764038427e+02
4.957199999999999818e+03 5.451705316384125126e+02
4.961399999999999636e+03 5.470874723838693399e+02
4.965600000000000364e+03 5.489360968233403355e+02
4.969800000000000182e+03 5.495806472691265299e+02
4.974000000000000000e+03 5.496493172592741985e+02
4.978199999999999818e+03 5.492531720879223940e+02
4.982399999999999636e+03 5.478076249831500490e+02
4.986600000000000364e+03 5.454967774706997261e+02
4.990800000000000182e+03 5.435117306052603681e+02
4.995000000000000000e+03 5.422483879767006556e+02
4.999199999999999818e+03 5.411731378083658228e+02
5.003399999999999636e+03 5.400013011607733233e+02
5.007600000000000364e+03 5.387632861485435569e+02
5.011800000000000182e+03 5.373457164153701342e+02
5.016000000000000000e+03 5.354786984074919474e+02
5.020199999999999818e+03 5.336631507757801955e+02
5.024399999999999636e+03 5.331051043922753934e+02
5.028600000000000364e+03 5.339038746596204419e+02
5.032800000000000182e+03 5.353156132182407418e+02
5.037000000000000000e+03 5.363068610679255244e+02
5.041199999999999818e+03 5.356207577353890201e+02
5.045399999999999636e+03 5.334307520863665104e+02
5.049600000000000364e+03 5.308640308402378878e+02
5.053800000000000182e+03 5.291138778572952788e+02
5.058000000000000000e+03 5.295117537159973153e+02
5.062199999999999818e+03 5.311615820146748774e+02
5.066399999999999636e+03 5.319591760635945548e+02
5.070600000000000364e+03 5.312152700364064231e+02
5.074800000000000182e+03 5.287950636653206402e+02
5.079000000000000000e+03 5.263866048069064618e+02
5.083199999999999818e+03 5.266460846288377979e+02
5.087399999999999636e+03 5.282524055601626287e+02
5.091600000000000364e+03 5.283828330208416446e+02
5.095800000000000182e+03 5.269489042699015044e+02
5.100000000000000000e+03 5.246297357242165162e+02
5.104199999999999818e+03 5.230243258243042419e+02
5.108399999999999636e+03 5.241257082462252583e+02
5.112600000000000364e+03 5.263439354420748941e+02
5.116800000000000182e+03 5.271283457911888490e+02
5.121000000000000000e+03 5.266762116510478791e+02
5.125199999999999818e+03 5.257697793945334297e+02
5.129399999999999636e+03 5.245321588847176599e+02
5.133600000000000364e+03 5.231439439192880627e+02
5.137800000000000182e+03 5.217889357797554339e+02
5.142000000000000000e+03 5.205148331030799227e+02
5.146199999999999818e+03 5.199384483696644565e+02
5.150399999999999636e+03 5.207045061290549484e+02
5.154600000000000364e+03 5.209395324095972910e+02
5.158800000000000182e+03 5.186947740207710922e+02
5.163000000000000000e+03 5.154671631785632826e+02
5.167199999999999818e+03 5.128787573751392301e+02
5.171399999999999636e+03 5.110754180210125810e+02
5.175600000000000364e+03 5.101945867164822630e+02
5.179800000000000182e+03 5.100388667603297677e+02
5.184000000000000000e+03 5.102878983272867686e+02
5.188199999999999818e+03 5.107258454192584054e+02
5.192399999999999636e+03 5.111412988751421835e+02
5.196600000000000364e+03 5.118169644929802757e+02
5.200800000000000182e+03 5.129333637361503406e+02
5.205000000000000000e+03 5.139913224775594927e+02
5.209199999999999818e+03 5.145969299927221527e+02
5.213399999999999636e+03 5.149145447791295283e+02
5.217600000000000364e+03 5.149958054408164116e+02
5.221800000000000182e+03 5.143050478630359521e+02
5.226000000000000000e+03 5.126092561411500128e+02
5.230199999999999818e+03 5.104681640522144335e+02
5.234399999999999636e+03 5.085333506875759326e+02
5.238600000000000364e+03 5.078725935364935253e+02
5.242800000000000182e+03 5.088885427988369656e+02
5.247000000000000000e+03 5.103723363302431721e+02
5.251199999999999818e+03 5.111968110881958864e+02
5.255399999999999636e+03 5.103800631038870961e+02
5.259600000000000364e+03 5.077194738464649504e+02
5.263800000000000182e+03 5.045665958286236332e+02
5.268000000000000000e+03 5.021271706279346745e+02
5.272199999999999818e+03 5.012028145508309649e+02
5.276399999999999636e+03 5.020810514323575262e+02
5.280600000000000364e+03 5.042555791102922740e+02
5.284800000000000182e+03 5.067387806089178071e+02
5.289000000000000000e+03 5.079700660463333293e+02
5.293199999999999818e+03 5.073604934466228542e+02
5.297399999999999636e+03 5.055867925167148655e+02
5.301600000000000364e+03 5.037271272231898820e+02
5.305800000000000182e+03 5.033794755205094589e+02
5.310000000000000000e+03 5.047126763006484111e+02
5.314199999999999818e+03 5.063484263466335165e+02
5.318399999999999636e+03 5.070505512260514251e+02
5.322600000000000364e+03 5.056169161375274257e+02
5.326800000000000182e+03 5.026902623667062926e+02
5.331000000000000000e+03 5.006934264947451538e+02
5.335199999999999818e+03 5.002923313231457882e+02
5.339399999999999636e+03 5.007031693584812047e+02
5.343600000000000364e+03 5.014935738837037889e+02
5.347800000000000182e+03 5.023783797270360765e+02
5.352000000000000000e+03 5.028900526484346756e+02
5.356199999999999818e+03 5.025828727300529408e+02
5.360399999999999636e+03 5.011997638325165099e+02
5.364600000000000364e+03 4.985842602510392112e+02
5.368800000000000182e+03 4.958459874207327402e+02
5.373000000000000000e+03 4.947018945568042909e+02
5.377199999999999818e+03 4.953599317135311253e+02
5.381399999999999636e+03 4.973231845308528705e+02
5.385600000000000364e+03 4.990649457186750055e+02
5.389800000000000182e+03 4.986180025308873951e+02
5.394000000000000000e+03 4.962943950599722029e+02
5.398199999999999818e+03 4.932956809275632395e+02
5.402399999999999636e+03 4.908443330503370703e+02
5.406600000000000364e+03 4.901452232843323600e+02
5.410800000000000182e+03 4.909873376610501055e+02
5.415000000000000000e+03 4.926974707001793945e+02
5.419199999999999818e+03 4.940090398344124765e+02
5.423399999999999636e+03 4.935395731768497853e+02
5.427600000000000364e+03 4.919642981194310210e+02
5.431800000000000182e+03 4.904036717946398198e+02
5.436000000000000000e+03 4.894838402041110612e+02
5.440199999999999818e+03 4.898053477520537626e+02
5.444399999999999636e+03 4.902405197943490975e+02
5.448600000000000364e+03 4.894264121780707342e+02
5.452800000000000182e+03 4.880924807295808137e+02
5.457000000000000000e+03 4.870497751127473407e+02
5.461199999999999818e+03 4.869059611513857249e+02
5.465399999999999636e+03 4.882759681434083063e+02
5.469600000000000364e+03 4.894204600641187994e+02
5.473800000000000182e+03 4.886651911303613360e+02
5.478000000000000000e+03 4.869823250901205824e+02
5.482199999999999818e+03 4.853639363577518111e+02
5.486399999999999636e+03 4.845452261709382356e+02
5.490600000000000364e+03 4.851473273856749415e+02
5.494800000000000182e+03 4.861087915100213763e+02
5.499000000000000000e+03 4.864540408930742501e+02
5.503199999999999818e+03 4.862758054064213411e+02
5.507399999999999636e+03 4.856685869821451433e+02
5.511600000000000364e+03 4.852727133002030655e+02
5.515800000000000182e+03 4.854631099475481619e+02
5.520000000000000000e+03 4.849077209842721459e+02
5.524199999999999818e+03 4.828257987720369329e+02
5.528399999999999636e+03 4.803815710198244915e+02
5.532600000000000364e+03 4.785625501043663235e+02
5.536800000000000182e+03 4.780965196893907319e+02
5.541000000000000000e+03 4.791074834480972982e+02
5.545199999999999818e+03 4.798382069849342315e+02
5.549399999999999636e+03 4.793240222668635511e+02
5.553600000000000364e+03 4.788373978699722215e+02
5.557800000000000182e+03 4.788984438687271563e+02
5.562000000000000000e+03 4.783428487950195063e+02
5.566199999999999818e+03 4.768300760975105277e+02
5.570399999999999636e+03 4.755196744132982190e+02
5.574600000000000364e+03 4.750264953950123186e+02
5.578800000000000182e+03 4.751685303062245112e+02
5.583000000000000000e+03 4.755607453099062809e+02
5.587199999999999818e+03 4.754324486353385737e+02
5.591399999999999636e+03 4.743731837956437403e+02
5.595600000000000364e+03 4.724370311790663663e+02
5.599800000000000182e+03 4.702320455876600818e+02
5.604000000000000000e+03 4.691340997717525738e+02
5.608199999999999818e+03 4.693472402545539239e+02
5.612399999999999636e+03 4.697253760817045531e+02
5.616600000000000364e+03 4.694812621504382264e+02
5.620800000000000182e+03 4.679990697538516429e+02
5.625000000000000000e+03 4.660925928279011146e+02
5.629199999999999818e+03 4.660793876887429974e+02
5.633399999999999636e+03 4.677395309799260303e+02
5.637600000000000364e+03 4.686803415495412537e+02
5.641800000000000182e+03 4.680000308855844651e+02
5.646000000000000000e+03 4.658171855836021678e+02
5.650199999999999818e+03 4.632011331051370462e+02
5.654399999999999636e+03 4.621002453083923456e+02
5.658600000000000364e+03 4.622993302340574360e+02
5.662800000000000182e+03 4.621157897770610816e+02
5.667000000000000000e+03 4.614693162196426783e+02
5.671199999999999818e+03 4.611766688717742682e+02
5.675399999999999636e+03 4.610672797364475741e+02
5.679600000000000364e+03 4.606104149858184655e+02
5.683800000000000182e+03 4.596462055945556244e+02
5.688000000000000000e+03 4.581314213566300850e+02
5.692199999999999818e+03 4.567945910991726350e+02
5.696399999999999636e+03 4.566677042501437427e+02
5.700600000000000364e+03 4.573957424474411368e+02
5.704800000000000182e+03 4.581634156688008943e+02
5.709000000000000000e+03 4.581346803665302900e+02
5.713199999999999818e+03 4.564008028137880615e+02
5.717399999999999636e+03 4.541173554275935089e+02
5.721600000000000364e+03 4.530501402242568929e+02
5.725800000000000182e+03 4.526608205005924219e+02
5.730000000000000000e+03 4.519308732545957810e+02
5.734199999999999818e+03 4.507872063095849740e+02
5.738399999999999636e+03 4.492329665531614751e+02
5.742600000000000364e+03 4.478907790424563586e+02
5.746800000000000182e+03 4.475330246108164260e+02
5.751000000000000000e+03 4.474603103575170735e+02
5.755199999999999818e+03 4.467704224300746318e+02
5.759399999999999636e+03 4.463738770114372301e+02
5.763600000000000364e+03 4.472203831461085315e+02
5.767800000000000182e+03 4.486057845834133104e+02
5.772000000000000000e+03 4.498260577700490330e+02
5.776199999999999818e+03 4.501951482717117301e+02
5.780399999999999636e+03 4.491149065991879752e+02
5.784600000000000364e+03 4.478768223160599860e+02
5.788800000000000182e+03 4.476928561223493830e+02
5.793000000000000000e+03 4.480084420658815816e+02
5.797199999999999818e+03 4.483040761480916672e+02
5.801399999999999636e+03 4.479686618345363058e+02
5.805600000000000364e+03 4.465756454223958372e+02
5.809800000000000182e+03 4.453678777472500201e+02
5.814000000000000000e+03 4.452902642048022699e+02
5.818199999999999818e+03 4.454838483883133335e+02
5.822399999999999636e+03 4.453210026646488586e+02
5.826600000000000364e+03 4.451135813363235911e+02
5.830800000000000182e+03 4.450911555893267746e+02
5.835000000000000000e+03 4.455695810298117863e+02
5.839199999999999818e+03 4.465833769730152198e+02
5.843399999999999636e+03 4.470478620729895169e+02
5.847600000000000364e+03 4.464675918731670663e+02
5.851800000000000182e+03 4.460281874718488666e+02
5.856000000000000000e+03 4.462673547804117788e+02
5.860199999999999818e+03 4.460221003724191746e+02
5.864399999999999636e+03 4.449406496380153726e+02
5.868600000000000364e+03 4.445618961513467866e+02
5.872800000000000182e+03 4.451012691220940951e+02
5.877000000000000000e+03 4.443507047350817629e+02
5.881199999999999818e+03 4.414010456065781796e+02
5.885399999999999636e+03 4.372695996504959908e+02
5.889600000000000364e+03 4.332211536342006752e+02
5.893800000000000182e+03 4.310091260377586195e+02
5.898000000000000000e+03 4.312843689525025184e+02
5.902199999999999818e+03 4.331610633490390683e+02
5.906399999999999636e+03 4.354833387445747235e+02
5.910600000000000364e+03 4.366788076665995391e+02
5.914800000000000182e+03 4.364888219360036601e+02
5.919000000000000000e+03 4.363073958476446137e+02
5.923199999999999818e+03 4.364439328229045714e+02
5.927399999999999636e+03 4.361107410169197465e+02
5.931600000000000364e+03 4.351164892492156469e+02
5.935800000000000182e+03 4.336653625122745552e+02
5.940000000000000000e+03 4.322155272438277507e+02
5.944199999999999818e+03 4.314698244013682711e+02
5.948399999999999636e+03 4.314325667779498303e+02
5.952600000000000364e+03 4.315825281077806039e+02
5.956800000000000182e+03 4.315063756770210830e+02
5.961000000000000000e+03 4.308270974895724521e+02
5.965199999999999818e+03 4.298641591080683497e+02
5.969399999999999636e+03 4.293781022850366185e+02
5.973600000000000364e+03 4.295453065736533631e+02
5.977800000000000182e+03 4.302674506325932384e+02
5.982000000000000000e+03 4.308801004655032330e+02
5.986199999999999818e+03 4.303668481211464609e+02
5.990399999999999636e+03 4.293165288215956821e+02
5.994600000000000364e+03 4.290785813025499920e+02
5.998800000000000182e+03 4.292640207482049277e+02
6.003000000000000000e+03 4.288136170583146622e+02
6.007199999999999818e+03 4.279973421633005728e+02
6.011399999999999636e+03 4.274427947584950402e+02
6.015600000000000364e+03 4.273378428340887467e+02
6.019800000000000182e+03 4.278436882520957738e+02
6.024000000000000000e+03 4.279010265116322671e+02
6.028199999999999818e+03 4.261376920623414435e+02
6.032399999999999636e+03 4.237532013089965517e+02
6.036600000000000364e+03 4.224355469865741384e+02
6.040800000000000182e+03 4.222564966929808179e+02
6.045000000000000000e+03 4.230275424629860481e+02
6.049199999999999818e+03 4.239253308165132808e+02
6.053399999999999636e+03 4.239498733726524051e+02
6.057600000000000364e+03 4.235142914614509664e+02
6.061800000000000182e+03 4.232432571978698093e+02
6.066000000000000000e+03 4.224861172685228894e+02
6.070199999999999818e+03 4.205709330534315882e+02
6.074399999999999636e+03 4.187419594881512808e+02
6.078600000000000364e+03 4.181981653706983479e+02
6.082800000000000182e+03 4.183292001334320958e+02
6.087000000000000000e+03 4.184953638813631756e+02
6.091199999999999818e+03 4.185424727355591585e+02
6.095399999999999636e+03 4.183124912890637006e+02
6.099600000000000364e+03 4.172597977534616120e+02
6.103800000000000182e+03 4.150961114083063990e+02
6.108000000000000000e+03 4.135454033912091631e+02
6.112199999999999818e+03 4.138911513423469728e+02
6.116399999999999636e+03 4.146383765714974743e+02
6.120600000000000364e+03 4.146037814540041495e+02
6.124800000000000182e+03 4.141192618212687080e+02
6.129000000000000000e+03 4.134376391291216351e+02
6.133199999999999818e+03 4.126092887832240308e+02
6.137399999999999636e+03 4.117943624441451789e+02
6.141600000000000364e+03 4.113714992758652329e+02
6.145800000000000182e+03 4.114759044544741755e+02
6.150000000000000000e+03 4.114518535977688884e+02
6.154199999999999818e+03 4.109737118790451404e+02
6.158399999999999636e+03 4.107082882955388072e+02
6.162600000000000364e+03 4.108708168801779266e+02
6.166800000000000182e+03 4.106289147156600734e+02
6.171000000000000000e+03 4.096700000151684549e+02
6.175199999999999818e+03 4.087099388789303021e+02
6.179399999999999636e+03 4.081357498963442936e+02
6.183600000000000364e+03 4.077692549771840618e+02
6.187800000000000182e+03 4.074935308029786825e+02
6.192000000000000000e+03 4.071808638141878873e+02
6.196199999999999818e+03 4.068500745500653579e+02
6.200399999999999636e+03 4.069057618103225309e+02
6.204600000000000364e+03 4.070667948809058885e+02
6.208800000000000182e+03 4.060260647095399804e+02
6.213000000000000000e+03 4.039155262549224403e+02
6.217199999999999818e+03 4.026016755912214649e+02
6.221399999999999636e+03 4.025510882064168641e+02
6.225600000000000364e+03 4.027344935393894048e+02
6.229800000000000182e+03 4.026549532505587194e+02
6.234000000000000000e+03 4.022014748880969250e+02
6.238199999999999818e+03 4.015158242107891056e+02
6.242399999999999636e+03 4.010532747843864740e+02
6.246600000000000364e+03 4.008130571917598672e+02
6.250800000000000182e+03 4.004479251260746082e+02
6.255000000000000000e+03 3.997372557594893010e+02
6.259199999999999818e+03 3.985433777003486853e+02
6.263399999999999636e+03 3.969035275393338793e+02
6.267600000000000364e+03 3.950305750300929617e+02
6.271800000000000182e+03 3.929640789992594705e+02
6.276000000000000000e+03 3.956319757653423608e+02
6.280199999999999818e+03 3.967220191042753754e+02
6.284399999999999636e+03 3.954664221907287924e+02
6.288600000000000364e+03 3.945129939348225321e+02
6.292800000000000182e+03 3.932288711867326469e+02
6.297000000000000000e+03 3.909001779309159588e+02
6.301199999999999818e+03 3.886393096831213825e+02
6.305399999999999636e+03 3.883470136998429894e+02
6.309600000000000364e+03 3.892078572044682687e+02
6.313800000000000182e+03 3.904843324084885126e+02
6.318000000000000000e+03 3.908319068741838009e+02
6.322199999999999818e+03 3.907552249399425932e+02
6.326399999999999636e+03 3.912514494370386160e+02
6.330600000000000364e+03 3.918893920897809835e+02
6.334800000000000182e+03 3.919651350426182717e+02
6.339000000000000000e+03 3.915721098865323029e+02
6.343199999999999818e+03 3.909349018205836614e+02
6.347399999999999636e+03 3.902523434734333136e+02
6.351600000000000364e+03 3.897543532730216498e+02
6.355800000000000182e+03 3.894079461681866405e+02
6.360000000000000000e+03 3.890908549488798940e+02
6.364199999999999818e+03 3.889713518426180485e+02
6.368399999999999636e+03 3.892714809815420836e+02
6.372600000000000364e+03 3.892207061799819030e+02
6.376800000000000182e+03 3.880356813711237578e+02
6.381000000000000000e+03 3.868296595031314951e+02
6.385199999999999818e+03 3.866769147725305515e+02
6.389399999999999636e+03 3.868486627007752645e+02
6.393600000000000364e+03 3.866752102109876432e+02
6.397800000000000182e+03 3.859507911700890759e+02
6.402000000000000000e+03 3.845297230010199883e+02
6.406199999999999818e+03 3.835979419885388779e+02
6.410399999999999636e+03 3.840846892536180803e+02
6.414600000000000364e+03 3.847707898666364486e+02
6.418800000000000182e+03 3.846711066100996277e+02
6.423000000000000000e+03 3.843734755575063105e+02
6.427199999999999818e+03 3.842568568145516679e+02
6.431399999999999636e+03 3.837410080852688452e+02
6.435600000000000364e+03 3.826089886390344077e+02
6.439800000000000182e+03 3.819341529996951294e+02
6.444000000000000000e+03 3.822981454397350944e+02
6.448199999999999818e+03 3.826769079644413409e+02
6.452399999999999636e+03 3.824218425768385714e+02
6.456600000000000364e+03 3.819983536351119824e+02
6.460800000000000182e+03 3.816037731535207627e+02
6.465000000000000000e+03 3.806976502725114528e+02
6.469199999999999818e+03 3.792521914480559531e+02
6.473399999999999636e+03 3.783104760130582349e+02
6.477600000000000364e+03 3.783319354744352268e+02
6.481800000000000182e+03 3.786570104623223187e+02
6.486000000000000000e+03 3.789128782457965485e+02
6.490199999999999818e+03 3.792321031213287483e+02
6.494399999999999636e+03 3.794820052235395451e+02
6.498600000000000364e+03 3.792081321819894129e+02
6.502800000000000182e+03 3.782164906207622721e+02
6.507000000000000000e+03 3.756225366665464094e+02
6.511199999999999818e+03 3.744580606937983589e+02
6.515399999999999636e+03 3.732390606076581321e+02
6.519600000000000364e+03 3.725969989239601432e+02
6.523800000000000182e+03 3.727485630248202142e+02
6.528000000000000000e+03 3.728524174264043722e+02
6.532199999999999818e+03 3.722702304366148951e+02
6.536399999999999636e+03 3.711795253564100108e+02
6.540600000000000364e+03 3.693295651289386115e+02
6.544800000000000182e+03 3.658983873662917290e+02
6.549000000000000000e+03 3.604883830300959744e+02
6.553199999999999818e+03 3.518960642651425701e+02
6.557399999999999636e+03 3.379262290623037757e+02
6.561600000000000364e+03 3.204363313077931821e+02
6.565800000000000182e+03 3.061667016235618348e+02
6.570000000000000000e+03 3.032651568300241252e+02
6.574199999999999818e+03 3.162681299436003428e+02
6.578399999999999636e+03 3.369649274206125256e+02
6.582600000000000364e+03 3.523046081821946132e+02
6.586800000000000182e+03 3.598523151058377039e+02
6.591000000000000000e+03 3.629799457846891073e+02
6.595199999999999818e+03 3.640267635563232034e+02
6.599399999999999636e+03 3.646836978611930249e+02
6.603600000000000364e+03 3.654262464575693343e+02
6.607800000000000182e+03 3.661840937066274932e+02
6.612000000000000000e+03 3.670519747419663190e+02
6.616199999999999818e+03 3.679459312060177467e+02
6.620399999999999636e+03 3.682008567495589659e+02
6.624600000000000364e+03 3.675275793469952532e+02
6.628800000000000182e+03 3.670991871022134205e+02
6.633000000000000000e+03 3.674931599772983191e+02
6.637199999999999818e+03 3.676168807229643676e+02
6.641399999999999636e+03 3.672095599008829367e+02
6.645600000000000364e+03 3.669719416970666543e+02
6.649800000000000182e+03 3.669138347772092175e+02
6.654000000000000000e+03 3.666060786374414420e+02
6.658199999999999818e+03 3.660425581945463591e+02
6.662399999999999636e+03 3.658472945232198299e+02
6.666600000000000364e+03 3.662692496646685640e+02
6.670800000000000182e+03 3.665434089163073281e+02
6.675000000000000000e+03 3.662778992304376970e+02
6.679199999999999818e+03 3.657938155599246102e+02
6.683399999999999636e+03 3.650617623658733351e+02
6.687600000000000364e+03 3.641603657018421245e+02
6.691800000000000182e+03 3.635861652050094222e+02
6.696000000000000000e+03 3.634179420520549684e+02
6.700199999999999818e+03 3.633270408189836758e+02
6.704399999999999636e+03 3.632632130176313581e+02
6.708600000000000364e+03 3.634071426765383990e+02
6.712800000000000182e+03 3.634041131823146884e+02
6.717000000000000000e+03 3.627760085187917980e+02
6.721199999999999818e+03 3.619825351403721925e+02
6.725399999999999636e+03 3.616404621956758092e+02
6.729600000000000364e+03 3.612856838194152260e+02
6.733800000000000182e+03 3.603469314159987675e+02
6.738000000000000000e+03 3.593149120899104787e+02
6.742199999999999818e+03 3.585700338661113165e+02
6.746399999999999636e+03 3.579027868466511109e+02
6.750600000000000364e+03 3.574509902885955057e+02
6.754800000000000182e+03 3.572006703965615770e+02
6.759000000000000000e+03 3.565499351821301275e+02
6.763199999999999818e+03 3.559170505098659305e+02
6.767399999999999636e+03 3.555998430695414072e+02
6.771600000000000364e+03 3.553551894623258249e+02
6.775800000000000182e+03 3.551436858318241434e+02
6.780000000000000000e+03 3.551189655925911666e+02
6.784199999999999818e+03 3.552090070040987939e+02
6.788399999999999636e+03 3.549918684941126799e+02
6.792600000000000364e+03 3.543767110508626956e+02
6.796800000000000182e+03 3.539160622532274374e+02
6.801000000000000000e+03 3.538699665657513833e+02
6.805199999999999818e+03 3.536482131120106942e+02
6.809399999999999636e+03 3.529226746729749493e+02
6.813600000000000364e+03 3.520724044369111994e+02
6.817800000000000182e+03 3.515545641061812034e+02
6.822000000000000000e+03 3.514000545495201209e+02
6.826199999999999818e+03 3.511617767904705829e+02
6.830399999999999636e+03 3.504588082587329154e+02
6.834600000000000364e+03 3.495578425414165622e+02
6.838800000000000182e+03 3.486787245407998057e+02
6.843000000000000000e+03 3.478981943779010635e+02
6.847199999999999818e+03 3.478109318781974366e+02
6.851399999999999636e+03 3.471127833721758407e+02
6.855600000000000364e+03 3.426528232609325073e+02
6.859800000000000182e+03 3.450979241967951339e+02
6.864000000000000000e+03 3.438988353486800520e+02
6.868199999999999818e+03 3.433708221392996620e+02
6.872399999999999636e+03 3.447564470782214130e+02
6.876600000000000364e+03 3.453072755148946840e+02
6.880800000000000182e+03 3.444382590212455852e+02
6.885000000000000000e+03 3.436381446342503523e+02
6.889199999999999818e+03 3.425087484920503584e+02
6.893399999999999636e+03 3.418584310204935832e+02
6.897600000000000364e+03 3.422041276688033804e+02
6.901800000000000182e+03 3.420838051215206406e+02
6.906000000000000000e+03 3.413973193332784035e+02
6.910199999999999818e+03 3.408756823311811672e+02
6.914399999999999636e+03 3.406279295306271706e+02
6.918600000000000364e+03 3.397510516290242890e+02
6.922800000000000182e+03 3.385428802028212658e+02
6.927000000000000000e+03 3.370193832113590702e+02
6.931199999999999818e+03 3.343677582507520469e+02
6.935399999999999636e+03 3.322172863683555875e+02
6.939600000000000364e+03 3.317511049433229573e+02
6.943800000000000182e+03 3.318263330045125485e+02
6.948000000000000000e+03 3.322382535365774743e+02
6.952199999999999818e+03 3.326754400523407753e+02
6.956399999999999636e+03 3.331226493970497131e+02
6.960600000000000364e+03 3.342626873043412843e+02
6.964800000000000182e+03 3.362729664807791892e+02
6.969000000000000000e+03 3.377445312600851253e+02
6.973199999999999818e+03 3.377108483211422936e+02
6.977399999999999636e+03 3.367828849816973502e+02
6.981600000000000364e+03 3.354805364484221286e+02
6.985800000000000182e+03 3.338758133683307960e+02
6.990000000000000000e+03 3.321504944082388420e+02
6.994199999999999818e+03 3.310405241900705846e+02
6.998399999999999636e+03 3.311766677345949574e+02
7.002600000000000364e+03 3.313832980072581336e+02
7.006800000000000182e+03 3.305200517799194131e+02
7.011000000000000000e+03 3.296744729052142020e+02
7.015199999999999818e+03 3.297107752995079863e+02
7.019399999999999636e+03 3.300298879919454293e+02
7.023600000000000364e+03 3.302369878832316772e+02
7.027800000000000182e+03 3.301767340480146231e+02
7.032000000000000000e+03 3.297217001881526244e+02
7.036199999999999818e+03 3.289250153643259296e+02
7.040399999999999636e+03 3.278918229001784539e+02
7.044600000000000364e+03 3.269674933432505668e+02
7.048800000000000182e+03 3.266080451423013074e+02
7.053000000000000000e+03 3.269290308370453317e+02
7.057199999999999818e+03 3.273530591606349844e+02
7.061399999999999636e+03 3.274338904426301156e+02
7.065600000000000364e+03 3.274214745042609138e+02
7.069800000000000182e+03 3.274243685165532725e+02
7.074000000000000000e+03 3.274606682558839452e+02
7.078199999999999818e+03 3.273826012591135850e+02
7.082399999999999636e+03 3.266964026039648843e+02
7.086600000000000364e+03 3.260869471801145210e+02
7.090800000000000182e+03 3.259768679609978221e+02
7.095000000000000000e+03 3.253722084907929002e+02
7.099199999999999818e+03 3.241861314537160297e+02
7.103399999999999636e+03 3.236269742614835536e+02
7.107600000000000364e+03 3.240763190334920409e+02
7.111800000000000182e+03 3.246191865616953578e+02
7.116000000000000000e+03 3.245587902289905173e+02
7.120199999999999818e+03 3.240267532773430617e+02
7.124399999999999636e+03 3.232277691138763771e+02
7.128600000000000364e+03 3.222142640280971477e+02
7.132800000000000182e+03 3.213669130618016538e+02
7.137000000000000000e+03 3.212372217435171819e+02
7.141199999999999818e+03 3.213060196386609277e+02
7.145399999999999636e+03 3.205325683353088380e+02
7.149600000000000364e+03 3.189082577050440364e+02
7.153800000000000182e+03 3.168601810650188213e+02
7.158000000000000000e+03 3.144545380369667669e+02
7.162199999999999818e+03 3.144882082684762281e+02
7.166399999999999636e+03 3.164602483125377717e+02
7.170600000000000364e+03 3.174112103685715169e+02
7.174800000000000182e+03 3.164445757881582040e+02
7.179000000000000000e+03 3.159550840803426013e+02
7.183199999999999818e+03 3.159259772891193165e+02
7.187399999999999636e+03 3.156498767772179121e+02
7.191600000000000364e+03 3.149765394523616919e+02
7.195800000000000182e+03 3.144409405004682867e+02
7.200000000000000000e+03 3.146619732895995298e+02
7.204199999999999818e+03 3.155453122624656430e+02
7.208399999999999636e+03 3.158926337138570375e+02
7.212600000000000364e+03 3.146368312951249209e+02
7.216800000000000182e+03 3.124754593031883019e+02
7.221000000000000000e+03 3.126673729812059150e+02
7.225199999999999818e+03 3.131998231867115692e+02
7.229399999999999636e+03 3.136698275740474742e+02
7.233600000000000364e+03 3.123893901946811411e+02
7.237800000000000182e+03 3.116019008449807757e+02
7.242000000000000000e+03 3.112692460612099694e+02
7.246199999999999818e+03 3.113412189056178931e+02
7.250399999999999636e+03 3.113732650908544315e+02
7.254600000000000364e+03 3.110558056806162881e+02
7.258800000000000182e+03 3.108676954195510120e+02
7.263000000000000000e+03 3.105540278709685253e+02
7.267199999999999818e+03 3.098839118157782195e+02
7.271399999999999636e+03 3.094291205627806107e+02
7.275600000000000364e+03 3.094850153256826957e+02
7.279800000000000182e+03 3.095553817139816601e+02
7.284000000000000000e+03 3.092355254125403121e+02
7.288199999999999818e+03 3.088393935442055636e+02
7.292399999999999636e+03 3.088277305049442703e+02
7.296600000000000364e+03 3.084609394929804012e+02
7.300800000000000182e+03 3.082168317288599724e+02
7.305000000000000000e+03 3.081320080491733506e+02
7.309199999999999818e+03 3.066942004621671458e+02
7.313399999999999636e+03 3.060036451379423852e+02
7.317600000000000364e+03 3.050421986698311798e+02
7.321800000000000182e+03 3.044426765240053214e+02
7.326000000000000000e+03 3.030368382143959707e+02
7.330199999999999818e+03 3.015376918773209809e+02
7.334399999999999636e+03 3.008985337636524946e+02
7.338600000000000364e+03 3.015607547566353901e+02
7.342800000000000182e+03 3.015684169569742608e+02
7.347000000000000000e+03 3.009769071330112524e+02
7.351199999999999818e+03 3.006441638570305486e+02
7.355399999999999636e+03 3.004807564189942468e+02
7.359600000000000364e+03 2.999582652302549945e+02
7.363800000000000182e+03 2.995168678500006649e+02
7.368000000000000000e+03 2.998016511205719326e+02
7.372199999999999818e+03 3.004713286580013119e+02
7.376399999999999636e+03 3.008349823138338479e+02
7.380600000000000364e+03 3.006671056838533218e+02
7.384800000000000182e+03 2.999326735770706023e+02
7.389000000000000000e+03 2.989743439708124697e+02
7.393199999999999818e+03 2.987805655842744841e+02
7.397399999999999636e+03 2.993388244532986846e+02
7.401600000000000364e+03 2.996084325627876979e+02
7.405800000000000182e+03 2.995996460640421901e+02
7.410000000000000000e+03 2.993180028214881077e+02
7.414199999999999818e+03 2.984260019075500168e+02
7.418399999999999636e+03 2.973505602926481401e+02
7.422600000000000364e+03 2.967762481385302635e+02
7.426800000000000182e+03 2.969735682654427933e+02
7.431000000000000000e+03 2.975957550716254332e+02
7.435199999999999818e+03 2.979942913738070160e+02
7.439399999999999636e+03 2.979349374816965792e+02
7.443600000000000364e+03 2.973933138715809150e+02
7.447800000000000182e+03 2.966670022378270914e+02
7.452000000000000000e+03 2.963135845674227653e+02
7.456199999999999818e+03 2.963481069073829985e+02
7.460399999999999636e+03 2.962108946763380004e+02
7.464600000000000364e+03 2.957005782392161564e+02
7.468800000000000182e+03 2.952130791890327259e+02
7.473000000000000000e+03 2.950579292818751469e+02
7.477199999999999818e+03 2.949600920390453780e+02
7.481399999999999636e+03 2.946615737789405784e+02
7.485600000000000364e+03 2.944015022673507360e+02
7.489800000000000182e+03 2.943559459506780058e+02
7.494000000000000000e+03 2.961432765929374682e+02
7.498199999999999818e+03 2.957162663878594913e+02
7.502399999999999636e+03 2.950970200516430282e+02
7.506600000000000364e+03 2.946936010819452463e+02
7.510800000000000182e+03 2.942665242053111001e+02
7.515000000000000000e+03 2.938213060551104832e+02
7.519199999999999818e+03 2.934580190272631626e+02
7.523399999999999636e+03 2.930521751204701104e+02
7.527600000000000364e+03 2.928277210284966259e+02
7.531800000000000182e+03 2.925605045416543248e+02
7.536000000000000000e+03 2.918982391477763940e+02
7.540199999999999818e+03 2.914308505405151095e+02
7.544399999999999636e+03 2.918070915052484224e+02
7.548600000000000364e+03 2.921974551892663499e+02
7.552800000000000182e+03 2.915689584633008167e+02
7.557000000000000000e+03 2.905162370600758663e+02
7.561199999999999818e+03 2.898436588525593720e+02
7.565399999999999636e+03 2.891168906126511615e+02
7.569600000000000364e+03 2.883761857756173868e+02
7.573800000000000182e+03 2.879503359285141642e+02
7.578000000000000000e+03 2.863439772032624546e+02
7.582199999999999818e+03 2.879484751066307240e+02
7.586399999999999636e+03 2.894074986272295291e+02
7.590600000000000364e+03 2.903013413302346066e+02
7.594800000000000182e+03 2.926149906725691494e+02
7.599000000000000000e+03 2.967702521526919668e+02
7.603199999999999818e+03 2.996680387148126101e+02
7.607399999999999636e+03 2.966502715825674272e+02
7.611600000000000364e+03 2.911637739039134090e+02
7.615800000000000182e+03 2.894370971368746837e+02
7.620000000000000000e+03 2.912482416232135733e+02
7.624199999999999818e+03 2.926581979621510641e+02
7.628399999999999636e+03 2.923306416081812813e+02
7.632600000000000364e+03 2.918315546419896691e+02
7.636800000000000182e+03 2.905911747704157051e+02
7.641000000000000000e+03 2.887891386164343999e+02
7.645199999999999818e+03 2.877633975592594879e+02
7.649399999999999636e+03 2.875878352106824991e+02
7.653600000000000364e+03 2.868228407384064553e+02
7.657800000000000182e+03 2.853627065637001010e+02
7.662000000000000000e+03 2.843655353355477473e+02
7.666199999999999818e+03 2.840618848163543362e+02
7.670399999999999636e+03 2.842714403592266308e+02
7.674600000000000364e+03 2.843189169273739481e+02
7.678800000000000182e+03 2.839216709549620532e+02
7.683000000000000000e+03 2.838047032339108569e+02
7.687199999999999818e+03 2.801901695109037860e+02
7.691399999999999636e+03 2.782905498519503453e+02
7.695600000000000364e+03 2.777539749014650283e+02
7.699800000000000182e+03 2.790270871732335536e+02
7.704000000000000000e+03 2.795533535633261977e+02
7.708199999999999818e+03 2.799079965019861334e+02
7.712399999999999636e+03 2.805628488878869007e+02
7.716600000000000364e+03 2.812478929519426742e+02
7.720800000000000182e+03 2.814496088921030150e+02
7.725000000000000000e+03 2.812317041574349901e+02
7.729199999999999818e+03 2.806339210448768426e+02
7.733399999999999636e+03 2.799266885311616875e+02
7.737600000000000364e+03 2.796846973295802172e+02
7.741800000000000182e+03 2.801414417402631329e+02
7.746000000000000000e+03 2.801833150423975667e+02
7.750199999999999818e+03 2.791100244564105992e+02
7.754399999999999636e+03 2.780794240434252060e+02
7.758600000000000364e+03 2.781470963166298702e+02
7.762800000000000182e+03 2.782969587410746044e+02
7.767000000000000000e+03 2.778629514171269648e+02
7.771199999999999818e+03 2.773148219813881497e+02
7.775399999999999636e+03 2.768367704882550697e+02
7.779600000000000364e+03 2.766296450051981424e+02
7.783800000000000182e+03 2.765858243557225933e+02
7.788000000000000000e+03 2.762265180697239089e+02
7.792199999999999818e+03 2.757027340559191089e+02
7.796399999999999636e+03 2.755859224705432666e+02
7.800600000000000364e+03 2.759060586949986487e+02
7.804800000000000182e+03 2.762954273425359020e+02
7.809000000000000000e+03 2.761483222928387136e+02
7.813199999999999818e+03 2.753945693538161095e+02
7.817399999999999636e+03 2.748049718185210963e+02
7.821600000000000364e+03 2.745706111371888483e+02
7.825800000000000182e+03 2.746248074285057328e+02
7.830000000000000000e+03 2.747727944826247040e+02
7.834199999999999818e+03 2.745010093635253270e+02
7.838399999999999636e+03 2.742801703310522612e+02
7.842600000000000364e+03 2.740697632520580100e+02
7.846800000000000182e+03 2.735773181541707118e+02
7.851000000000000000e+03 2.734987211750041638e+02
7.855199999999999818e+03 2.737403137435136387e+02
7.859399999999999636e+03 2.734453041471996926e+02
7.863600000000000364e+03 2.728088323217726838e+02
7.867800000000000182e+03 2.721088278447230095e+02
7.872000000000000000e+03 2.711808913387663438e+02
7.876199999999999818e+03 2.702363606296096350e+02
7.880399999999999636e+03 2.695806586413128798e+02
7.884600000000000364e+03 2.688821198087813968e+02
7.888800000000000182e+03 2.678054205346003300e+02
7.893000000000000000e+03 2.671609930624131266e+02
7.897199999999999818e+03 2.673394073937448638e+02
7.901399999999999636e+03 2.675895557979918635e+02
7.905600000000000364e+03 2.673988786093003114e+02
7.909800000000000182e+03 2.672207938184885165e+02
7.914000000000000000e+03 2.673407504732103348e+02
7.918199999999999818e+03 2.669096775109206305e+02
7.922399999999999636e+03 2.659008481641034223e+02
7.926600000000000364e+03 2.653990529716270430e+02
7.930800000000000182e+03 2.658932172249960217e+02
7.935000000000000000e+03 2.664547045180848954e+02
7.939199999999999818e+03 2.659841571955884660e+02
7.943399999999999636e+03 2.651651160436086911e+02
7.947600000000000364e+03 2.653268814547913053e+02
7.951800000000000182e+03 2.656380955756166600e+02
7.956000000000000000e+03 2.646523202136957025e+02
7.960199999999999818e+03 2.631414695114669939e+02
7.964399999999999636e+03 2.630723033668546122e+02
7.968600000000000364e+03 2.640080689639762568e+02
7.972800000000000182e+03 2.643647308665200057e+02
7.977000000000000000e+03 2.640572345364287230e+02
7.981199999999999818e+03 2.634758819668110732e+02
7.985399999999999636e+03 2.627119958557059363e+02
7.989600000000000364e+03 2.621194095435777172e+02
7.993800000000000182e+03 2.622688416736362456e+02
7.998000000000000000e+03 2.626070947825204485e+02
8.002199999999999818e+03 2.620779310572479517e+02
8.006399999999999636e+03 2.609436226586361158e+02
8.010600000000000364e+03 2.603149809283156060e+02
8.014800000000000182e+03 2.607113123119892748e+02
8.019000000000000000e+03 2.612888201151638441e+02
8.023199999999999818e+03 2.607966557887884846e+02
8.027399999999999636e+03 2.596064308947130144e+02
8.031600000000000364e+03 2.586456106572120461e+02
8.035800000000000182e+03 2.584586171047544099e+02
8.040000000000000000e+03 2.588005275147547195e+02
8.044199999999999818e+03 2.589402334406054820e+02
8.048399999999999636e+03 2.586009702248588269e+02
8.052600000000000364e+03 2.582456419227837046e+02
8.056800000000000182e+03 2.583878503199717329e+02
8.061000000000000000e+03 2.585564715369041551e+02
8.065199999999999818e+03 2.580043164432023559e+02
8.069399999999999636e+03 2.574534801291207486e+02
8.073600000000000364e+03 2.580351064470534652e+02
8.077800000000000182e+03 2.583682016603228249e+02
8.082000000000000000e+03 2.569399069492796457e+02
8.086199999999999818e+03 2.555455350214131442e+02
8.090399999999999636e+03 2.553649371393698004e+02
8.094600000000000364e+03 2.549849039633595567e+02
8.098800000000000182e+03 2.538141945499899634e+02
8.103000000000000000e+03 2.530518850936066144e+02
8.107199999999999818e+03 2.532675101200204324e+02
8.111399999999999636e+03 2.535698524117447334e+02
8.115600000000000364e+03 2.531931709094767200e+02
8.119800000000000182e+03 2.520847597053108871e+02
8.124000000000000000e+03 2.502496191768175322e+02
8.128199999999999818e+03 2.490763496900963503e+02
8.132399999999999636e+03 2.496846198351495048e+02
8.136600000000000364e+03 2.504582386168904975e+02
8.140800000000000182e+03 2.514079947702042261e+02
8.145000000000000000e+03 2.515979379730291043e+02
8.149199999999999818e+03 2.510725894333724000e+02
8.153399999999999636e+03 2.502532674984922494e+02
8.157600000000000364e+03 2.497401924966219156e+02
8.161800000000000182e+03 2.493706617899389641e+02
8.166000000000000000e+03 2.488802896542414373e+02
8.170199999999999818e+03 2.483749993763269117e+02
8.174399999999999636e+03 2.488567837982801620e+02
8.178600000000000364e+03 2.488670033185338468e+02
8.182800000000000182e+03 2.489071554965517805e+02
8.187000000000000000e+03 2.490621162592898656e+02
8.191199999999999818e+03 2.486647325039995451e+02
8.195399999999999636e+03 2.479299220712711360e+02
8.199600000000000364e+03 2.475163665850922996e+02
8.203799999999999272e+03 2.461768024188477852e+02
8.208000000000000000e+03 2.447138553506543701e+02
8.212200000000000728e+03 2.445289142053337628e+02
8.216399999999999636e+03 2.462215760573940884e+02
8.220600000000000364e+03 2.467551475850907536e+02
8.224799999999999272e+03 2.460019572327476567e+02
8.229000000000000000e+03 2.455382352193451254e+02
8.233200000000000728e+03 2.452155031791185706e+02
8.237399999999999636e+03 2.450309500520161805e+02
8.241600000000000364e+03 2.443938030986243177e+02
8.245799999999999272e+03 2.424932537969324926e+02
8.250000000000000000e+03 2.425143030678757725e+02
8.254200000000000728e+03 2.428551286466409920e+02
8.258399999999999636e+03 2.424227793468494099e+02
8.262600000000000364e+03 2.410348265972843933e+02
8.266799999999999272e+03 2.407034932652477153e+02
8.271000000000000000e+03 2.416068332521088280e+02
8.275200000000000728e+03 2.431936645890494333e+02
8.279399999999999636e+03 2.430163673442901029e+02
8.283600000000000364e+03 2.417592033203752919e+02
8.287799999999999272e+03 2.416855750040418229e+02
8.292000000000000000e+03 2.408633197840833020e+02
8.296200000000000728e+03 2.398914824584881273e+02
8.300399999999999636e+03 2.379201424849645718e+02
8.304600000000000364e+03 2.376467156881340372e+02
8.308799999999999272e+03 2.382279119605885285e+02
8.313000000000000000e+03 2.385644316155749607e+02
8.317200000000000728e+03 2.382269908059535055e+02
8.321399999999999636e+03 2.380589192494757356e+02
8.325600000000000364e+03 2.380160105606721856e+02
8.329799999999999272e+03 2.391091010181856973e+02
8.334000000000000000e+03 2.372019540982300043e+02
8.338200000000000728e+03 2.352971348500872182e+02
8.342399999999999636e+03 2.359126536359925126e+02
8.346600000000000364e+03 2.366039837839620077e+02
8.350799999999999272e+03 2.368956519514124466e+02
8.355000000000000000e+03 2.363917666190194780e+02
8.359200000000000728e+03 2.361390557975875026e+02
8.363399999999999636e+03 2.362215515803226538e+02
8.367600000000000364e+03 2.361605938458124285e+02
8.371799999999999272e+03 2.360106307099718776e+02
8.376000000000000000e+03 2.361652079519392373e+02
8.380200000000000728e+03 2.363417721529678488e+02
8.384399999999999636e+03 2.356944065794426137e+02
8.388600000000000364e+03 2.347309100505945025e+02
8.392799999999999272e+03 2.347964393813402637e+02
8.397000000000000000e+03 2.350655297184156893e+02
8.401200000000000728e+03 2.343811103392908990e+02
8.405399999999999636e+03 2.339292257314904759e+02
8.409600000000000364e+03 2.345365736823128771e+02
8.413799999999999272e+03 2.348296257046053483e+02
8.418000000000000000e+03 2.344873463838223984e+02
8.422200000000000728e+03 2.347567854973794113e+02
8.426399999999999636e+03 2.354903484798113880e+02
8.430600000000000364e+03 2.353467939260971207e+02
8.434799999999999272e+03 2.343795283576161808e+02
8.439000000000000000e+03 2.338768742849320574e+02
8.443200000000000728e+03 2.337755573347861002e+02
8.447399999999999636e+03 2.333560882474681648e+02
8.451600000000000364e+03 2.325987550164028903e+02
8.455799999999999272e+03 2.323014122730748454e+02
8.460000000000000000e+03 2.327579527455685025e+02
8.464200000000000728e+03 2.328870937536834447e+02
8.468399999999999636e+03 2.320141796250575226e+02
8.472600000000000364e+03 2.307978973359553549e+02
8.476799999999999272e+03 2.302869784272413085e+02
8.481000000000000000e+03 2.306168991161984536e+02
8.485200000000000728e+03 2.307092929072588277e+02
8.489399999999999636e+03 2.298683935706729642e+02
8.493600000000000364e+03 2.288113934885675747e+02
8.497799999999999272e+03 2.281225636984450489e+02
8.502000000000000000e+03 2.271302889780358214e+02
8.506200000000000728e+03 2.256410308931867519e+02
8.510399999999999636e+03 2.251258205487747830e+02
8.514600000000000364e+03 2.265044578697217901e+02
8.518799999999999272e+03 2.279567257006794136e+02
8.523000000000000000e+03 2.283622313208966546e+02
8.527200000000000728e+03 2.283181076811085575e+02
8.531399999999999636e+03 2.276672939286094675e+02
8.535600000000000364e+03 2.262752978460789848e+02
8.539799999999999272e+03 2.240711046737965262e+02
8.544000000000000000e+03 2.204889226129389215e+02
8.548200000000000728e+03 2.168921857157181705e+02
8.552399999999999636e+03 2.162904006100936840e+02
8.556600000000000364e+03 2.190981922094942433e+02
8.560799999999999272e+03 2.225463893754611888e+02
8.565000000000000000e+03 2.245383464683944794e+02
8.569200000000000728e+03 2.251773461856606673e+02
8.573399999999999636e+03 2.252885301123600641e+02
8.577600000000000364e+03 2.250182148538068532e+02
8.581799999999999272e+03 2.246862400249732161e+02
8.586000000000000000e+03 2.248037163101425620e+02
8.590200000000000728e+03 2.245653281478032000e+02
8.594399999999999636e+03 2.232225830235547051e+02
8.598600000000000364e+03 2.219022786743395272e+02
8.602799999999999272e+03 2.215917574245338244e+02
8.607000000000000000e+03 2.216734338420926065e+02
8.611200000000000728e+03 2.214552102609117412e+02
8.615399999999999636e+03 2.215390876958158231e+02
8.619600000000000364e+03 2.223345878805106963e+02
8.623799999999999272e+03 2.230672959803941353e+02
8.628000000000000000e+03 2.231356600430408434e+02
8.632200000000000728e+03 2.227892680883887806e+02
8.636399999999999636e+03 2.228023448788706276e+02
8.640600000000000364e+03 2.223501635229156363e+02
8.644799999999999272e+03 2.212826452009809373e+02
8.649000000000000000e+03 2.205532493509746246e+02
8.653200000000000728e+03 2.201546036935481538e+02
8.657399999999999636e+03 2.194331750615631620e+02
8.661600000000000364e+03 2.171245879037430200e+02
8.665799999999999272e+03 2.131591262889739653e+02
8.670000000000000000e+03 2.105247012676456677e+02
8.674200000000000728e+03 2.108659184778158249e+02
8.678399999999999636e+03 2.127736911503367594e+02
8.682600000000000364e+03 2.150966600744412744e+02
8.686799999999999272e+03 2.172849314526220894e+02
8.691000000000000000e+03 2.189463728373190463e+02
8.695200000000000728e+03 2.195280922154497603e+02
8.699399999999999636e+03 2.187855596814222849e+02
8.703600000000000364e+03 2.180536735857384087e+02
8.707799999999999272e+03 2.180722293709320354e+02
8.712000000000000000e+03 2.181431204357284628e+02
8.716200000000000728e+03 2.176801764921996210e+02
8.720399999999999636e+03 2.172023112342461957e+02
8.724600000000000364e+03 2.170592035183310315e+02
8.728799999999999272e+03 2.168443791287199929e+02
8.733000000000000000e+03 2.161734403974473082e+02
8.737200000000000728e+03 2.156575666188501259e+02
8.741399999999999636e+03 2.154007778852470096e+02
8.745600000000000364e+03 2.144065430972304966e+02
8.749799999999999272e+03 2.125538630132153060e+02
8.754000000000000000e+03 2.104496317597159134e+02
8.758200000000000728e+03 2.092991853300773357e+02
8.762399999999999636e+03 2.095362201711556338e+02
8.766600000000000364e+03 2.103734225172821368e+02
8.770799999999999272e+03 2.115684181067919951e+02
8.775000000000000000e+03 2.129467442139537923e+02
8.779200000000000728e+03 2.133297227883568326e+02
8.783399999999999636e+03 2.127119712814773322e+02
8.787600000000000364e+03 2.128475690122898811e+02
8.791799999999999272e+03 2.141221792128024219e+02
8.796000000000000000e+03 2.146044945546519500e+02
8.800200000000000728e+03 2.138770424785348325e+02
8.804399999999999636e+03 2.132797998321247519e+02
8.808600000000000364e+03 2.126999934955826461e+02
8.812799999999999272e+03 2.114177401052424443e+02
8.817000000000000000e+03 2.103873256692052394e+02
8.821200000000000728e+03 2.105183304546651755e+02
8.825399999999999636e+03 2.110009730161100094e+02
8.829600000000000364e+03 2.110139638238903217e+02
8.833799999999999272e+03 2.105087390266190255e+02
8.838000000000000000e+03 2.099642042126279193e+02
8.842200000000000728e+03 2.094751870590612555e+02
8.846399999999999636e+03 2.085240299445723338e+02
8.850600000000000364e+03 2.073556282622121500e+02
8.854799999999999272e+03 2.068596292320538623e+02
8.859000000000000000e+03 2.063249988449814509e+02
8.863200000000000728e+03 2.045352453144117248e+02
8.867399999999999636e+03 2.020471159696905943e+02
8.871600000000000364e+03 2.004884462861952557e+02
8.875799999999999272e+03 2.009695404614935796e+02
8.880000000000000000e+03 2.027250065687069878e+02
8.884200000000000728e+03 2.042831759755776204e+02
8.888399999999999636e+03 2.056809517810516752e+02
8.892600000000000364e+03 2.068653438471318680e+02
8.896799999999999272e+03 2.069367381592396669e+02
8.901000000000000000e+03 2.063192035557275119e+02
8.905200000000000728e+03 2.060790764818681566e+02
8.909399999999999636e+03 2.060327880397420586e+02
8.913600000000000364e+03 2.055923603056705247e+02
8.917799999999999272e+03 2.048319966285467615e+02
8.922000000000000000e+03 2.039937289930932991e+02
8.926200000000000728e+03 2.033180931400015368e+02
8.930399999999999636e+03 2.029473716806904804e+02
8.934600000000000364e+03 2.023722809611274727e+02
8.938799999999999272e+03 2.015574308907011698e+02
8.943000000000000000e+03 2.006350447790074156e+02
8.947200000000000728e+03 1.991365431854411554e+02
8.951399999999999636e+03 1.986402833514777342e+02
8.955600000000000364e+03 1.972585695209097878e+02
8.959799999999999272e+03 1.961935040180063368e+02
8.964000000000000000e+03 1.960765058301178669e+02
8.968200000000000728e+03 1.955053673568419583e+02
8.972399999999999636e+03 1.937474527061983736e+02
8.976600000000000364e+03 1.925331463544500821e+02
8.980799999999999272e+03 1.930452877677782624e+02
8.985000000000000000e+03 1.958001823053914450e+02
8.989200000000000728e+03 1.973036722459677321e+02
8.993399999999999636e+03 1.965936268203344355e+02
8.997600000000000364e+03 1.976131725149014073e+02
9.001799999999999272e+03 1.984954405360812757e+02
9.006000000000000000e+03 1.974028277133288327e+02
9.010200000000000728e+03 1.955709711828299930e+02
9.014399999999999636e+03 1.931165988669636135e+02
9.018600000000000364e+03 1.904123023763416995e+02
9.022799999999999272e+03 1.892180632691796234e+02
9.027000000000000000e+03 1.912257486222206637e+02
9.031200000000000728e+03 1.937484936522337478e+02
9.035399999999999636e+03 1.928885673148181468e+02
9.039600000000000364e+03 1.914973761544636375e+02
9.043799999999999272e+03 1.923850655578336557e+02
9.048000000000000000e+03 1.922790956717428799e+02
9.052200000000000728e+03 1.919291647302074182e+02
9.056399999999999636e+03 1.883796833895459031e+02
9.060600000000000364e+03 1.880491344605885899e+02
9.064799999999999272e+03 1.891458433149631730e+02
9.069000000000000000e+03 1.894255037751748034e+02
9.073200000000000728e+03 1.891194893304932521e+02
9.077399999999999636e+03 1.883988763294491378e+02
9.081600000000000364e+03 1.874841317327778825e+02
9.085799999999999272e+03 1.880281656686617282e+02
9.090000000000000000e+03 1.871843295683550537e+02
9.094200000000000728e+03 1.863357787372575558e+02
9.098399999999999636e+03 1.859050564895985644e+02
9.102600000000000364e+03 1.857592022259283908e+02
9.106799999999999272e+03 1.856067032973124071e+02
9.111000000000000000e+03 1.858048993713122172e+02
9.115200000000000728e+03 1.863429002107011456e+02
9.119399999999999636e+03 1.862879330151868089e+02
9.123600000000000364e+03 1.858372549016874302e+02
9.127799999999999272e+03 1.848898301217548124e+02
9.132000000000000000e+03 1.837085837386102014e+02
9.136200000000000728e+03 1.823333278191411182e+02
9.140399999999999636e+03 1.840004357204678342e+02
9.144600000000000364e+03 1.836013320722199467e+02
9.148799999999999272e+03 1.822976152296712087e+02
9.153000000000000000e+03 1.814522383819327160e+02
9.157200000000000728e+03 1.821008007490276270e+02
9.161399999999999636e+03 1.834634532407258973e+02
9.165600000000000364e+03 1.836671362719348792e+02
9.169799999999999272e+03 1.832793465268774469e+02
9.174000000000000000e+03 1.833275705095114461e+02
9.178200000000000728e+03 1.846027730465361287e+02
9.182399999999999636e+03 1.847144367233876210e+02
9.186600000000000364e+03 1.837568937877124995e+02
9.190799999999999272e+03 1.821455743768889306e+02
9.195000000000000000e+03 1.826021083155978033e+02
9.199200000000000728e+03 1.840675080560084780e+02
9.203399999999999636e+03 1.861129783089311900e+02
9.207600000000000364e+03 1.874098297871995271e+02
9.211799999999999272e+03 1.900834273838483739e+02
9.216000000000000000e+03 1.914433664524269147e+02
9.220200000000000728e+03 1.888672128538365200e+02
9.224399999999999636e+03 1.811744704005228925e+02
9.228600000000000364e+03 1.767622860565277279e+02
9.232799999999999272e+03 1.730718351429193262e+02
9.237000000000000000e+03 1.783065789119300462e+02
9.241200000000000728e+03 1.760437113772416353e+02
9.245399999999999636e+03 1.826122231289945717e+02
9.249600000000000364e+03 1.826279947741946899e+02
9.253799999999999272e+03 1.826135657921511211e+02
9.258000000000000000e+03 1.825336347228456759e+02
9.262200000000000728e+03 1.826051179982068788e+02
9.266399999999999636e+03 1.816264807693019350e+02
9.270600000000000364e+03 1.792229282888822013e+02
9.274799999999999272e+03 1.780935324034116718e+02
9.279000000000000000e+03 1.773106840474015939e+02
9.283200000000000728e+03 1.772547330286716374e+02
9.287399999999999636e+03 1.771009755449889269e+02
9.291600000000000364e+03 1.766673294168303698e+02
9.295799999999999272e+03 1.770874206036784813e+02
9.300000000000000000e+03 1.776836052604660381e+02
9.304200000000000728e+03 1.774937970468726007e+02
9.308399999999999636e+03 1.763336428934934759e+02
9.312600000000000364e+03 1.759184363424333810e+02
9.316799999999999272e+03 1.764833379132574862e+02
9.321000000000000000e+03 1.760760304809655565e+02
9.325200000000000728e+03 1.742741385660806657e+02
9.329399999999999636e+03 1.746215451702572921e+02
9.333600000000000364e+03 1.764586226453817233e+02
9.337799999999999272e+03 1.755383933403091419e+02
9.342000000000000000e+03 1.732373488355361815e+02
9.346200000000000728e+03 1.724992114637211955e+02
9.350399999999999636e+03 1.730138517862892229e+02
9.354600000000000364e+03 1.736660037780683297e+02
9.358799999999999272e+03 1.736220668708432697e+02
9.363000000000000000e+03 1.736213816531243594e+02
9.367200000000000728e+03 1.737871530465337457e+02
9.371399999999999636e+03 1.726157041194444162e+02
9.375600000000000364e+03 1.713606551932641651e+02
9.379799999999999272e+03 1.720054065980137921e+02
9.384000000000000000e+03 1.729454961151463692e+02
9.388200000000000728e+03 1.723663911357110976e+02
9.392399999999999636e+03 1.715063068019045716e+02
9.396600000000000364e+03 1.713861704746298926e+02
9.400799999999999272e+03 1.718112621369025135e+02
9.405000000000000000e+03 1.738407772018574349e+02
9.409200000000000728e+03 1.750555381591108244e+02
9.413399999999999636e+03 1.735114854887793001e+02
9.417600000000000364e+03 1.704765994876124182e+02
9.421799999999999272e+03 1.703058211211851756e+02
9.426000000000000000e+03 1.712357277562466322e+02
9.430200000000000728e+03 1.705216191013513480e+02
9.434399999999999636e+03 1.694496529347494516e+02
9.438600000000000364e+03 1.695501162318063280e+02
9.442799999999999272e+03 1.690455224555110192e+02
9.447000000000000000e+03 1.684369714270823977e+02
9.451200000000000728e+03 1.702061889749782324e+02
9.455399999999999636e+03 1.699407156876067120e+02
9.459600000000000364e+03 1.688899120353525234e+02
9.463799999999999272e+03 1.692677211400450119e+02
9.468000000000000000e+03 1.710711426480112323e+02
9.472200000000000728e+03 1.700887290605037094e+02
9.476399999999999636e+03 1.690108113406306245e+02
9.480600000000000364e+03 1.690089127087512963e+02
9.484799999999999272e+03 1.676180945859673272e+02
9.489000000000000000e+03 1.670907319396947059e+02
9.493200000000000728e+03 1.696805227959864055e+02
9.497399999999999636e+03 1.726504822489956155e+02
9.501600000000000364e+03 1.715030183595741278e+02
9.505799999999999272e+03 1.682255316657580977e+02
9.510000000000000000e+03 1.683620560886978694e+02
9.514200000000000728e+03 1.726826487355077120e+02
9.518399999999999636e+03 1.765100148799513988e+02
9.522600000000000364e+03 1.767820519967639825e+02
9.526799999999999272e+03 1.769616498805731055e+02
9.531000000000000000e+03 1.786209174190284728e+02
9.535200000000000728e+03 1.799540566156004218e+02
9.539399999999999636e+03 1.752649750113707512e+02
9.543600000000000364e+03 1.682026360486870828e+02
9.547799999999999272e+03 1.639164834326148252e+02
9.552000000000000000e+03 1.629418441013870336e+02
9.556200000000000728e+03 1.623718705420857304e+02
9.560399999999999636e+03 1.618993586334856332e+02
9.564600000000000364e+03 1.638444105892057792e+02
9.568799999999999272e+03 1.690870316022214581e+02
9.573000000000000000e+03 1.695310051244001102e+02
9.577200000000000728e+03 1.692092657776337319e+02
9.581399999999999636e+03 1.689737771483690949e+02
9.585600000000000364e+03 1.681909603037577767e+02
9.589799999999999272e+03 1.663374943131706516e+02
9.594000000000000000e+03 1.650888820034008404e+02
9.598200000000000728e+03 1.636822794191311345e+02
9.602399999999999636e+03 1.630082813515543876e+02
9.606600000000000364e+03 1.636235605352752032e+02
9.610799999999999272e+03 1.644546566310224591e+02
9.615000000000000000e+03 1.644215271303540931e+02
9.619200000000000728e+03 1.640602411495756883e+02
9.623399999999999636e+03 1.631804698141527865e+02
9.627600000000000364e+03 1.620470682578313131e+02
9.631799999999999272e+03 1.624255487026354956e+02
9.636000000000000000e+03 1.633486960680779987e+02
9.640200000000000728e+03 1.639385790863424575e+02
9.644399999999999636e+03 1.634100737389624669e+02
9.648600000000000364e+03 1.619648041068270174e+02
9.652799999999999272e+03 1.603978855091254161e+02
9.657000000000000000e+03 1.610485399522281114e+02
9.661200000000000728e+03 1.637129782966137554e+02
9.665399999999999636e+03 1.643620657353665422e+02
9.669600000000000364e+03 1.618915706381702648e+02
9.673799999999999272e+03 1.593643023939773684e+02
9.678000000000000000e+03 1.588554134278693937e+02
9.682200000000000728e+03 1.597633490734939130e+02
9.686399999999999636e+03 1.614285910164068980e+02
9.690600000000000364e+03 1.618705788224128810e+02
9.694799999999999272e+03 1.623093529251916891e+02
9.699000000000000000e+03 1.618390558164498430e+02
9.703200000000000728e+03 1.612528089667625579e+02
9.707399999999999636e+03 1.604498827016593339e+02
9.711600000000000364e+03 1.600617945923255547e+02
9.715799999999999272e+03 1.590743371333244340e+02
9.720000000000000000e+03 1.566090030324770908e+02
9.724200000000000728e+03 1.556917103876318720e+02
9.728399999999999636e+03 1.566875235548614569e+02
9.732600000000000364e+03 1.591253988989640220e+02
9.736799999999999272e+03 1.604947223846199336e+02
9.741000000000000000e+03 1.594197662574587753e+02
9.745200000000000728e+03 1.594746808338668984e+02
9.749399999999999636e+03 1.597973145602571208e+02
9.753600000000000364e+03 1.601324590008564996e+02
9.757799999999999272e+03 1.589810752478169036e+02
9.762000000000000000e+03 1.564817333224019080e+02
9.766200000000000728e+03 1.586609414667766771e+02
9.770399999999999636e+03 1.594250517149910706e+02
9.774600000000000364e+03 1.587476359648439086e+02
9.778799999999999272e+03 1.588013269239260978e+02
9.783000000000000000e+03 1.580102090545280760e+02
9.787200000000000728e+03 1.569019454180470916e+02
9.791399999999999636e+03 1.571736247844128229e+02
9.795600000000000364e+03 1.580254987249158489e+02
9.799799999999999272e+03 1.579118893861642050e+02
9.804000000000000000e+03 1.571066794256362869e+02
9.808200000000000728e+03 1.575631405934485656e+02
9.812399999999999636e+03 1.571342174804056242e+02
9.816600000000000364e+03 1.579890780166854540e+02
9.820799999999999272e+03 1.601959459283407909e+02
9.825000000000000000e+03 1.612367874962579890e+02
9.829200000000000728e+03 1.593532446609238775e+02
9.833399999999999636e+03 1.567089654343755569e+02
9.837600000000000364e+03 1.569867268808469873e+02
9.841799999999999272e+03 1.595688753655680898e+02
9.846000000000000000e+03 1.608487135622023629e+02
9.850200000000000728e+03 1.610894718301007629e+02
9.854399999999999636e+03 1.614659236356417864e+02
9.858600000000000364e+03 1.595154534071025410e+02
9.862799999999999272e+03 1.563380899641475139e+02
9.867000000000000000e+03 1.555575155555966376e+02
9.871200000000000728e+03 1.564088605889501480e+02
9.875399999999999636e+03 1.572460929600666475e+02
9.879600000000000364e+03 1.581446599743519243e+02
9.883799999999999272e+03 1.599504097967374889e+02
9.888000000000000000e+03 1.623455314613985365e+02
9.892200000000000728e+03 1.637990875127100310e+02
9.896399999999999636e+03 1.629876783251896768e+02
9.900600000000000364e+03 1.619102060081307854e+02
9.904799999999999272e+03 1.601053460234758461e+02
9.909000000000000000e+03 1.566583679862431495e+02
9.913200000000000728e+03 1.537097861322545498e+02
9.917399999999999636e+03 1.562433689113880746e+02
9.921600000000000364e+03 1.612656334093628629e+02
9.925799999999999272e+03 1.607082657290649763e+02
9.930000000000000000e+03 1.583560855380713122e+02
9.934200000000000728e+03 1.609071921388635644e+02
9.938399999999999636e+03 1.627782256912921071e+02
9.942600000000000364e+03 1.594943559875230505e+02
9.946799999999999272e+03 1.564596964582941609e+02
9.951000000000000000e+03 1.554790227478901272e+02
9.955200000000000728e+03 1.531317606364854669e+02
9.959399999999999636e+03 1.525649967388622485e+02
9.963600000000000364e+03 1.588271294485203384e+02
9.967799999999999272e+03 1.650602976055222086e+02
9.972000000000000000e+03 1.626375094294658084e+02
9.976200000000000728e+03 1.595522600676672198e+02
9.980399999999999636e+03 1.631658845399219331e+02
9.984600000000000364e+03 1.666540655319581674e+02
9.988799999999999272e+03 1.622462319975256833e+02
9.993000000000000000e+03 1.577907280055771366e+02
9.997200000000000728e+03 1.575754273731088233e+02
1.000139999999999964e+04 1.554016625599783197e+02
1.000560000000000036e+04 1.515147735378096172e+02
1.000979999999999927e+04 1.519254230521614772e+02
1.001400000000000000e+04 1.551265309486279307e+02
1.001820000000000073e+04 1.582945124708356843e+02
1.002239999999999964e+04 1.589709579617786517e+02
1.002660000000000036e+04 1.573641772756519686e+02
1.003079999999999927e+04 1.555213839046893156e+02
1.003500000000000000e+04 1.594110788854174814e+02
1.003920000000000073e+04 1.646216848104393762e+02
1.004339999999999964e+04 1.620838467259186473e+02
1.004760000000000036e+04 1.559138085153682312e+02
1.005179999999999927e+04 1.483220013731197753e+02
1.005600000000000000e+04 1.487834844049308458e+02
1.006020000000000073e+04 1.566996495813451986e+02
1.006439999999999964e+04 1.642924010261607179e+02
1.006860000000000036e+04 1.653998377383580305e+02
1.007279999999999927e+04 1.610159255846881763e+02
1.007700000000000000e+04 1.559835275354987232e+02
1.008120000000000073e+04 1.554793775176565589e+02
1.008539999999999964e+04 1.602326441968884581e+02
1.008960000000000036e+04 1.637515262685853941e+02
1.009379999999999927e+04 1.632885994703416088e+02
1.009800000000000000e+04 1.607824055196483926e+02
1.010220000000000073e+04 1.537918531727724769e+02
1.010639999999999964e+04 1.475924997752339038e+02
1.011060000000000036e+04 1.499668939902086038e+02
1.011479999999999927e+04 1.609291268514902811e+02
1.011900000000000000e+04 1.661919803403367837e+02
1.012320000000000073e+04 1.575453612916883799e+02
1.012739999999999964e+04 1.489983048865842932e+02
1.013160000000000036e+04 1.532855385595907762e+02
1.013579999999999927e+04 1.585028917035650409e+02
1.014000000000000000e+04 1.564981992618532445e+02
1.014420000000000073e+04 1.579667374694916191e+02
1.014839999999999964e+04 1.569719673738191545e+02
1.015260000000000036e+04 1.517842479011648891e+02
1.015679999999999927e+04 1.451842325570426624e+02
1.016100000000000000e+04 1.526976495174030219e+02
1.016520000000000073e+04 1.643468555520815357e+02
1.016939999999999964e+04 1.688101650802671827e+02
1.017360000000000036e+04 1.600279854890041804e+02
1.017779999999999927e+04 1.524436819865711072e+02
1.018200000000000000e+04 1.488315721367961544e+02
1.018620000000000073e+04 1.402738951242387202e+02
1.019039999999999964e+04 1.423504327113197121e+02
1.019460000000000036e+04 1.431729172728426533e+02
1.019879999999999927e+04 1.615783259058930525e+02
