3632.61914063  2.54408560795 
3633.65733963  2.6242463886 
3634.69553863  2.70441008094 
3635.73373763  2.78457662893 
3636.77193664  2.86474597651 
3637.81013564  2.94491806763 
3638.84833464  3.02509284625 
3639.88653365  3.1052702563 
3640.92473265  3.18545024174 
3641.96293165  3.26563274652 
3643.00113066  3.34581771459 
3644.03932966  3.4260050899 
3645.07752866  3.50619481639 
3646.11572767  3.58638683801 
3647.15392667  3.66658109872 
3648.19212567  3.74677754246 
3649.23032468  3.82697611319 
3650.26852368  3.90717675484 
3651.30672268  3.98737941137 
3652.34492168  4.06758402674 
3653.38312069  4.14779054488 
3654.42131969  4.22799890975 
3655.45951869  4.30820906529 
3656.4977177  4.38842095546 
3657.5359167  4.4686345242 
3658.5741157  4.54884971547 
3659.61231471  4.62906647321 
3660.65051371  4.70928474137 
3661.68871271  4.7895044639 
3662.72691172  4.86972558476 
3663.76511072  4.94994804788 
3664.80330972  5.03017179722 
3665.84150873  5.11039677672 
3666.87970773  5.19062293035 
3667.91790673  5.27085020203 
3668.95610573  5.35107853574 
3669.99430474  5.4313078754 
3671.03250374  5.51153816498 
3672.07070274  5.59176934843 
3673.10890175  5.67200136968 
3674.14710075  5.75223417269 
3675.18529975  5.83246770142 
3676.22349876  5.9127018998 
3677.26169776  5.99293671178 
3678.29989676  6.07317208133 
3679.33809577  6.15340795238 
3680.37629477  6.23364426889 
3681.41449377  6.31388097479 
3682.45269277  6.39411801406 
3683.49089178  6.47435533062 
3684.52909078  6.55459286844 
3685.56728978  6.63483057145 
3686.60548879  6.71506838362 
3687.64368779  6.79530624888 
3688.68188679  6.87554411119 
3689.7200858  6.9557819145 
3690.7582848  7.03601960276 
3691.7964838  7.1162571199 
3692.83468281  7.1964944099 
3693.87288181  7.27673141668 
3694.91108081  7.35696808421 
3695.94927982  7.43720435643 
3696.98747882  7.51744017729 
3698.02567782  7.59767549074 
3699.06387682  7.67791024073 
3700.10207583  7.75814437121 
3701.14027483  7.83837782612 
3702.17847383  7.91861054942 
3703.21667284  7.99884248505 
3704.25487184  8.07907357697 
3705.29307084  8.15930376912 
3706.33126985  8.23953300545 
3707.36946885  8.31976122992 
3708.40766785  8.39998838647 
3709.44586686  8.48021441904 
3710.48406586  8.5604392716 
3711.52226486  8.64066288808 
3712.56046387  8.72088521244 
3713.59866287  8.80110618862 
3714.63686187  8.88132576058 
3715.67506087  8.96154387227 
3716.71325988  9.04176046763 
3717.75145888  9.12197549061 
3718.78965788  9.20218888516 
3719.82785689  9.28240059523 
3720.86605589  9.36261056478 
3721.90425489  9.44281873774 
3722.9424539  9.52302505807 
3723.9806529  9.60322946972 
3725.0188519  9.68343191663 
3726.05705091  9.76363234276 
3727.09524991  9.84383069205 
3728.13344891  9.92402690846 
3729.17164791  10.0042209359 
3730.20984692  10.0844127184 
3731.24804592  10.1646021999 
3732.28624492  10.2447893242 
3733.32444393  10.3249740354 
3734.36264293  10.4051562774 
3735.40084193  10.4853359942 
3736.43904094  10.5655131297 
3737.47723994  10.6456876278 
3738.51543894  10.7258594326 
3739.55363795  10.8060284879 
3740.59183695  10.8861947377 
3741.63003595  10.9663581259 
3742.66823496  11.0465185966 
3743.70643396  11.1266760936 
3744.74463296  11.2068305609 
3745.78283196  11.2869819424 
3746.82103097  11.3671301822 
3747.85922997  11.4472752241 
3748.89742897  11.5274170121 
3749.93562798  11.6075554901 
3750.97382698  11.6876906021 
3752.01202598  11.7678222921 
3753.05022499  11.847950504 
3754.08842399  11.9280751817 
3755.12662299  12.0081962692 
3756.164822  12.0883137104 
3757.203021  12.1684274493 
3758.24122  12.2485374299 
3759.27941901  12.328643596 
3760.31761801  12.4087458917 
3761.35581701  12.4888442609 
3762.39401601  12.5689386475 
3763.43221502  12.6490289955 
3764.47041402  12.7291152488 
3765.50861302  12.8091973514 
3766.54681203  12.8892752472 
3767.58501103  12.9693488802 
3768.62321003  13.0494181944 
3769.66140904  13.1294831336 
3770.69960804  13.2095436418 
3771.73780704  13.289599663 
3772.77600605  13.3696511412 
3773.81420505  13.4496980202 
3774.85240405  13.529740244 
3775.89060306  13.6097777567 
3776.92880206  13.689810502 
3777.96700106  13.769838424 
3779.00520006  13.8498614666 
3780.04339907  13.9298795738 
3781.08159807  14.0098926895 
3782.11979707  14.0899007577 
3783.15799608  14.1699037223 
3784.19619508  14.2499015272 
3785.23439408  14.3298941165 
3786.27259309  14.4098814341 
3787.31079209  14.4898634238 
3788.34899109  14.5698400297 
3789.3871901  14.6498111957 
3790.4253891  14.7297768658 
3791.4635881  14.8097369839 
3792.5017871  14.889691494 
3793.53998611  14.9696403399 
3794.57818511  15.0495834657 
3795.61638411  15.1295208153 
3796.65458312  15.2094523327 
3797.69278212  15.2893779618 
3798.73098112  15.3692976465 
3799.76918013  15.4492113308 
3800.80737913  15.5291189587 
3801.84557813  15.6090204741 
3802.88377714  15.6889158209 
3803.92197614  15.7688049432 
3804.96017514  15.8486877847 
3805.99837415  15.9285642896 
3807.03657315  16.0084344017 
3808.07477215  16.088298065 
3809.11297115  16.1681552235 
3810.15117016  16.248005821 
3811.18936916  16.3278498016 
3812.22756816  16.4076871092 
3813.26576717  16.4875176877 
3814.30396617  16.5673414811 
3815.34216517  16.6471584334 
3816.38036418  16.7269684884 
3817.41856318  16.8067715902 
3818.45676218  16.8865676826 
3819.49496119  16.9663567097 
3820.53316019  17.0461386154 
3821.57135919  17.1259133436 
3822.6095582  17.2056808383 
3823.6477572  17.2854410434 
3824.6859562  17.3651939029 
3825.7241552  17.4449393608 
3826.76235421  17.5246773609 
3827.80055321  17.6044078472 
3828.83875221  17.6841307637 
3829.87695122  17.7638460544 
3830.91515022  17.8435536631 
3831.95334922  17.9232535338 
3832.99154823  18.0029456105 
3834.02974723  18.0826298372 
3835.06794623  18.1623061577 
3836.10614524  18.241974516 
3837.14434424  18.3216348561 
3838.18254324  18.4012871219 
3839.22074225  18.4809312574 
3840.25894125  18.5605672065 
3841.29714025  18.6401949131 
3842.33533925  18.7198143213 
3843.37353826  18.799425375 
3844.41173726  18.879028018 
3845.44993626  18.9586221944 
3846.48813527  19.0382078482 
3847.52633427  19.1177849232 
3848.56453327  19.1973533634 
3849.60273228  19.2769131127 
3850.64093128  19.3564641152 
3851.67913028  19.4360063147 
3852.71732929  19.5155396552 
3853.75552829  19.5950640807 
3854.79372729  19.6745795351 
3855.83192629  19.7540859624 
3856.8701253  19.8335833064 
3857.9083243  19.9130715112 
3858.9465233  19.9925505207 
3859.98472231  20.0720202788 
3861.02292131  20.1514807296 
3862.06112031  20.2309318169 
3863.09931932  20.3103734847 
3864.13751832  20.3898056769 
3865.17571732  20.4692283375 
3866.21391633  20.5486414105 
3867.25211533  20.6280448398 
3868.29031433  20.7074385693 
3869.32851334  20.786822543 
3870.36671234  20.8661967048 
3871.40491134  20.9455609988 
3872.44311034  21.0249153687 
3873.48130935  21.1042597587 
3874.51950835  21.1835941126 
3875.55770735  21.2629183744 
3876.59590636  21.342232488 
3877.63410536  21.4215363974 
3878.67230436  21.5008300466 
3879.71050337  21.5801133794 
3880.74870237  21.6593863398 
3881.78690137  21.7386488719 
3882.82510038  21.8179009194 
3883.86329938  21.8971424265 
3884.90149838  21.9763733369 
3885.93969739  22.0555935948 
3886.97789639  22.134803144 
3888.01609539  22.2140019284 
3889.05429439  22.2931898921 
3890.0924934  22.3723669789 
3891.1306924  22.4515331329 
3892.1688914  22.530688298 
3893.20709041  22.609832418 
3894.24528941  22.6889654371 
3895.28348841  22.768087299 
3896.32168742  22.8471979478 
3897.35988642  22.9262973275 
3898.39808542  23.0053853819 
3899.43628443  23.084462055 
3900.47448343  23.1635272908 
3901.51268243  23.2425810332 
3902.55088144  23.3216232262 
3903.58908044  23.4006538136 
3904.62727944  23.4796727396 
3905.66547844  23.5586799479 
3906.70367745  23.6376753826 
3907.74187645  23.7166589877 
3908.78007545  23.7956307069 
3909.81827446  23.8745904844 
3910.85647346  23.9535382641 
3911.89467246  24.0324739898 
3912.93287147  24.1113976056 
3913.97107047  24.1903090554 
3915.00926947  24.2692082831 
3916.04746848  24.3480952328 
3917.08566748  24.4269698483 
3918.12386648  24.5058320736 
3919.16206548  24.5846818527 
3920.20026449  24.6635191294 
3921.23846349  24.7423438478 
3922.27666249  24.8211559518 
3923.3148615  24.8999553853 
3924.3530605  24.9787420924 
3925.3912595  25.0575160168 
3926.42945851  25.1362771027 
3927.46765751  25.2150252939 
3928.50585651  25.2937605344 
3929.54405552  25.3724827681 
3930.58225452  25.4511919391 
3931.62045352  25.5298879911 
3932.65865253  25.6085708683 
3933.69685153  25.6872405145 
3934.73505053  25.7658968737 
3935.77324953  25.8445398898 
3936.81144854  25.9231695068 
3937.84964754  26.0017856686 
3938.88784654  26.0803883192 
3939.92604555  26.1589774025 
3940.96424455  26.2375528625 
3942.00244355  26.3161146432 
3943.04064256  26.3946626884 
3944.07884156  26.4731969422 
3945.11704056  26.5517173484 
3946.15523957  26.630223851 
3947.19343857  26.7087163941 
3948.23163757  26.7871949214 
3949.26983658  26.865659377 
3950.30803558  26.9441097049 
3951.34623458  27.0225458489 
3952.38443358  27.100967753 
3953.42263259  27.1793753612 
3954.46083159  27.2577686175 
3955.49903059  27.3361474657 
3956.5372296  27.4145118498 
3957.5754286  27.4928617137 
3958.6136276  27.5711970015 
3959.65182661  27.6495176571 
3960.69002561  27.7278236243 
3961.72822461  27.8061148473 
3962.76642362  27.8843912698 
3963.80462262  27.9626528359 
3964.84282162  28.0408994895 
3965.88102062  28.1191311746 
3966.91921963  28.197347835 
3967.95741863  28.2755494149 
3968.99561763  28.353735858 
3970.03381664  28.4319071084 
3971.07201564  28.51006311 
3972.11021464  28.5882038067 
3973.14841365  28.6663291426 
3974.18661265  28.7444390615 
3975.22481165  28.8225335074 
3976.26301066  28.9006124242 
3977.30120966  28.978675756 
3978.33940866  29.0567234466 
3979.37760767  29.13475544 
3980.41580667  29.2127716801 
3981.45400567  29.2907721109 
3982.49220467  29.3687566764 
3983.53040368  29.4467253205 
3984.56860268  29.5246779871 
3985.60680168  29.6026146202 
3986.64500069  29.6805351637 
3987.68319969  29.7584395617 
3988.72139869  29.8363277579 
3989.7595977  29.9141996965 
3990.7977967  29.9920553213 
3991.8359957  30.0698945763 
3992.87419471  30.1477174054 
3993.91239371  30.2255237526 
3994.95059271  30.3033135618 
3995.98879172  30.381086777 
3997.02699072  30.4588433422 
3998.06518972  30.5365832012 
3999.10338872  30.6143062981 
4000.14158773  30.6920125767 
4001.17978673  30.7697019811 
4002.21798573  30.8473744551 
4003.25618474  30.9250299428 
4004.29438374  31.002668388 
4005.33258274  31.0802897348 
4006.37078175  31.157893927 
4007.40898075  31.2354809087 
4008.44717975  31.3130506237 
4009.48537876  31.3906030161 
4010.52357776  31.4681380297 
4011.56177676  31.5456556086 
4012.59997577  31.6231556966 
4013.63817477  31.7006382377 
4014.67637377  31.7781031759 
4015.71457277  31.8555504551 
4016.75277178  31.9329800193 
4017.79097078  32.0103918124 
4018.82916978  32.0877857783 
4019.86736879  32.1651618611 
4020.90556779  32.2425200046 
4021.94376679  32.3198601529 
4022.9819658  32.3971822497 
4024.0201648  32.4744862392 
4025.0583638  32.5517720653 
4026.09656281  32.6290396719 
4027.13476181  32.7062890029 
4028.17296081  32.7835200023 
4029.21115981  32.8607326141 
4030.24935882  32.9379267822 
4031.28755782  33.0151024505 
4032.32575682  33.0922595631 
4033.36395583  33.1693980637 
4034.40215483  33.2465178965 
4035.44035383  33.3236190054 
4036.47855284  33.4007013342 
4037.51675184  33.477764827 
4038.55495084  33.5548094276 
4039.59314985  33.6318350801 
4040.63134885  33.7088417285 
4041.66954785  33.7858293165 
4042.70774686  33.8627977883 
4043.74594586  33.9397470876 
4044.78414486  34.0166771586 
4045.82234386  34.0935879451 
4046.86054287  34.1704793911 
4047.89874187  34.2473514406 
4048.93694087  34.3242040374 
4049.97513988  34.4010371256 
4051.01333888  34.477850649 
4052.05153788  34.5546445517 
4053.08973689  34.6314187776 
4054.12793589  34.7081732706 
4055.16613489  34.7849079747 
4056.2043339  34.8616228338 
4057.2425329  34.9383177919 
4058.2807319  35.0149927929 
4059.31893091  35.0916477808 
4060.35712991  35.1682826995 
4061.39532891  35.244897493 
4062.43352791  35.3214921052 
4063.47172692  35.3980664801 
4064.50992592  35.4746205616 
4065.54812492  35.5511542937 
4066.58632393  35.6276676204 
4067.62452293  35.7041604854 
4068.66272193  35.7806328329 
4069.70092094  35.8570846068 
4070.73911994  35.933515751 
4071.77731894  36.0099262095 
4072.81551795  36.0863159261 
4073.85371695  36.162684845 
4074.89191595  36.2390329099 
4075.93011496  36.315360065 
4076.96831396  36.391666254 
4078.00651296  36.467951421 
4079.04471196  36.5442155099 
4080.08291097  36.6204584646 
4081.12110997  36.6966802292 
4082.15930897  36.7728807475 
4083.19750798  36.8490599636 
4084.23570698  36.9252178213 
4085.27390598  37.0013542646 
4086.31210499  37.0774692374 
4087.35030399  37.1535626838 
4088.38850299  37.2296345476 
4089.426702  37.3056847728 
4090.464901  37.3817133034 
4091.5031  37.4577200832 
4092.541299  37.5337050563 
4093.57949801  37.6096681666 
4094.61769701  37.6856093581 
4095.65589601  37.7615285746 
4096.69409502  37.8374257602 
4097.73229402  37.9133008588 
4098.77049302  37.9891538144 
4099.80869203  38.0649845708 
4100.84689103  38.1407930721 
4101.88509003  38.2165792621 
4102.92328904  38.2923430849 
4103.96148804  38.3680844844 
4104.99968704  38.4438034045 
4106.03788605  38.5194997893 
4107.07608505  38.5951735825 
4108.11428405  38.6708247282 
4109.15248305  38.7464531704 
4110.19068206  38.822058853 
4111.22888106  38.8976417199 
4112.26708006  38.973201715 
4113.30527907  39.0487387824 
4114.34347807  39.124252866 
4115.38167707  39.1997439097 
4116.41987608  39.2752118575 
4117.45807508  39.3506566533 
4118.49627408  39.4260782411 
4119.53447309  39.5014765648 
4120.57267209  39.5768515684 
4121.61087109  39.6522031959 
4122.6490701  39.7275313911 
4123.6872691  39.802836098 
4124.7254681  39.8781172605 
4125.7636671  39.9533748228 
4126.80186611  40.0286087285 
4127.84006511  40.1038189218 
4128.87826411  40.1790053466 
4129.91646312  40.2541679468 
4130.95466212  40.3293066663 
4131.99286112  40.4044214492 
4133.03106013  40.4795122393 
4134.06925913  40.5545789806 
4135.10745813  40.6296216171 
4136.14565714  40.7046400927 
4137.18385614  40.7796343514 
4138.22205514  40.8546043371 
4139.26025415  40.9295499937 
4140.29845315  41.0044712653 
4141.33665215  41.0793680957 
4142.37485115  41.1542404289 
4143.41305016  41.2290882088 
4144.45124916  41.3039113795 
4145.48944816  41.3787098848 
4146.52764717  41.4534836688 
4147.56584617  41.5282326752 
4148.60404517  41.6029568482 
4149.64224418  41.6776561316 
4150.68044318  41.7523304695 
4151.71864218  41.8269798056 
4152.75684119  41.9016040841 
4153.79504019  41.9762032488 
4154.83323919  42.0507772437 
4155.87143819  42.1253260128 
4156.9096372  42.1998494999 
4157.9478362  42.2743476491 
4158.9860352  42.3488204043 
4160.02423421  42.4232677094 
4161.06243321  42.4976895084 
4162.10063221  42.5720857453 
4163.13883122  42.6464563639 
4164.17703022  42.7208013083 
4165.21522922  42.7951205224 
4166.25342823  42.8694139501 
4167.29162723  42.9436815354 
4168.32982623  43.0179232222 
4169.36802524  43.0921389545 
4170.40622424  43.1663286762 
4171.44442324  43.2404923313 
4172.48262224  43.3146298638 
4173.52082125  43.3887412175 
4174.55902025  43.4628263364 
4175.59721925  43.5368851646 
4176.63541826  43.6109176458 
4177.67361726  43.6849237242 
4178.71181626  43.7589033435 
4179.75001527  43.8328564478 
4180.78821427  43.9067829811 
4181.82641327  43.9806828872 
4182.86461228  44.0545561102 
4183.90281128  44.1284025939 
4184.94101028  44.2022222823 
4185.97920929  44.2760151194 
4187.01740829  44.3497810491 
4188.05560729  44.4235200154 
4189.09380629  44.4972319622 
4190.1320053  44.5709168335 
4191.1702043  44.6445745732 
4192.2084033  44.7182051252 
4193.24660231  44.7918084336 
4194.28480131  44.8653844422 
4195.32300031  44.938933095 
4196.36119932  45.012454336 
4197.39939832  45.0859481091 
4198.43759732  45.1594143582 
4199.47579633  45.2328530274 
4200.51399533  45.3062640605 
4201.55219433  45.3796474015 
4202.59039333  45.4530029944 
4203.62859234  45.5263307831 
4204.66679134  45.5996307115 
4205.70499034  45.6729027236 
4206.74318935  45.7461467634 
4207.78138835  45.8193627748 
4208.81958735  45.8925507017 
4209.85778636  45.9657104882 
4210.89598536  46.038842078 
4211.93418436  46.1119454153 
4212.97238337  46.1850204439 
4214.01058237  46.2580671078 
4215.04878137  46.331085351 
4216.08698038  46.4040751173 
4217.12517938  46.4770363508 
4218.16337838  46.5499689954 
4219.20157738  46.622872995 
4220.23977639  46.6957482936 
4221.27797539  46.7685948352 
4222.31617439  46.8414125636 
4223.3543734  46.9142014229 
4224.3925724  46.9869613569 
4225.4307714  47.0596923097 
4226.46897041  47.1323942252 
4227.50716941  47.2050670473 
4228.54536841  47.2777107199 
4229.58356742  47.3503251872 
4230.62176642  47.4229103929 
4231.65996542  47.495466281 
4232.69816443  47.5679927955 
4233.73636343  47.6404898803 
4234.77456243  47.7129574794 
4235.81276143  47.7853955367 
4236.85096044  47.8578039962 
4237.88915944  47.9301828019 
4238.92735844  48.0025318976 
4239.96555745  48.0748512273 
4241.00375645  48.147140735 
4242.04195545  48.2194003646 
4243.08015446  48.2916300601 
4244.11835346  48.3638297654 
4245.15655246  48.4359994245 
4246.19475147  48.5081389812 
4247.23295047  48.5802483797 
4248.27114947  48.6523275638 
4249.30934848  48.7243764774 
4250.34754748  48.7963950645 
4251.38574648  48.8683832691 
4252.42394548  48.9403410351 
4253.46214449  49.0122683065 
4254.50034349  49.0841650272 
4255.53854249  49.1560311411 
4256.5767415  49.2278665923 
4257.6149405  49.2996713246 
4258.6531395  49.371445282 
4259.69133851  49.4431884085 
4260.72953751  49.5149006479 
4261.76773651  49.5865819444 
4262.80593552  49.6582322417 
4263.84413452  49.7298514839 
4264.88233352  49.8014396148 
4265.92053252  49.8729965786 
4266.95873153  49.944522319 
4267.99693053  50.0160167801 
4269.03512953  50.0874799057 
4270.07332854  50.1589116399 
4271.11152754  50.2303119266 
4272.14972654  50.3016807098 
4273.18792555  50.3730179333 
4274.22612455  50.4443235412 
4275.26432355  50.5155974774 
4276.30252256  50.5868396858 
4277.34072156  50.6580501104 
4278.37892056  50.7292286952 
4279.41711957  50.800375384 
4280.45531857  50.8714901209 
4281.49351757  50.9425728498 
4282.53171657  51.0136235146 
4283.56991558  51.0846420592 
4284.60811458  51.1556284277 
4285.64631358  51.226582564 
4286.68451259  51.2975044121 
4287.72271159  51.3683939158 
4288.76091059  51.4392510191 
4289.7991096  51.510075666 
4290.8373086  51.5808678005 
4291.8755076  51.6516273664 
4292.91370661  51.7223543077 
4293.95190561  51.7930485684 
4294.99010461  51.8637100925 
4296.02830362  51.9343388238 
4297.06650262  52.0049347063 
4298.10470162  52.075497684 
4299.14290062  52.1460277009 
4300.18109963  52.2165247008 
4301.21929863  52.2869886277 
4302.25749763  52.3574194256 
4303.29569664  52.4278170384 
4304.33389564  52.4981814101 
4305.37209464  52.5685124846 
4306.41029365  52.6388102058 
4307.44849265  52.7090745178 
4308.48669165  52.7793053644 
4309.52489066  52.8495026896 
4310.56308966  52.9196664374 
4311.60128866  52.9897965518 
4312.63948767  53.0598929765 
4313.67768667  53.1299556557 
4314.71588567  53.1999845332 
4315.75408467  53.2699795531 
4316.79228368  53.3399406592 
4317.83048268  53.4098677955 
4318.86868168  53.4797609059 
4319.90688069  53.5496199345 
4320.94507969  53.6194448251 
4321.98327869  53.6892355217 
4323.0214777  53.7589919683 
4324.0596767  53.8287141087 
4325.0978757  53.898401887 
4326.13607471  53.9680552471 
4327.17427371  54.037674133 
4328.21247271  54.1072584885 
4329.25067171  54.1768082577 
4330.28887072  54.2463233845 
4331.32706972  54.3158038128 
4332.36526872  54.3852494867 
4333.40346773  54.4546603499 
4334.44166673  54.5240363466 
4335.47986573  54.5933774206 
4336.51806474  54.6626835159 
4337.55626374  54.7319545764 
4338.59446274  54.8011905461 
4339.63266175  54.8703913689 
4340.67086075  54.9395569888 
4341.70905975  55.0086873498 
4342.74725876  55.0777823957 
4343.78545776  55.1468420706 
4344.82365676  55.2158663184 
4345.86185576  55.284855083 
4346.90005477  55.3538083083 
4347.93825377  55.4227259384 
4348.97645277  55.4916079172 
4350.01465178  55.5604541886 
4351.05285078  55.6292646966 
4352.09104978  55.6980393851 
4353.12924879  55.766778198 
4354.16744779  55.8354810794 
4355.20564679  55.9041479732 
4356.2438458  55.9727788233 
4357.2820448  56.0413735736 
4358.3202438  56.1099321682 
4359.35844281  56.178454551 
4360.39664181  56.2469406658 
4361.43484081  56.3153904568 
4362.47303981  56.3838038677 
4363.51123882  56.4521808426 
4364.54943782  56.5205213255 
4365.58763682  56.5888252602 
4366.62583583  56.6570925907 
4367.66403483  56.7253232609 
4368.70223383  56.7935172149 
4369.74043284  56.8616743965 
4370.77863184  56.9297947498 
4371.81683084  56.9978782186 
4372.85502985  57.0659247469 
4373.89322885  57.1339342787 
4374.93142785  57.2019067578 
4375.96962686  57.2698421284 
4377.00782586  57.3377403342 
4378.04602486  57.4056013193 
4379.08422386  57.4734250276 
4380.12242287  57.541211403 
4381.16062187  57.6089603895 
4382.19882087  57.6766719311 
4383.23701988  57.7443459717 
4384.27521888  57.8119824552 
4385.31341788  57.8795813257 
4386.35161689  57.9471425269 
4387.38981589  58.014666003 
4388.42801489  58.0821516978 
4389.4662139  58.1495995553 
4390.5044129  58.2170095194 
4391.5426119  58.2843815342 
4392.5808109  58.3517155435 
4393.61900991  58.4190114912 
4394.65720891  58.4862693214 
4395.69540791  58.553488978 
4396.73360692  58.6206704049 
4397.77180592  58.6878135461 
4398.81000492  58.7549183456 
4399.84820393  58.8219847472 
4400.88640293  58.889012695 
4401.92460193  58.9560021328 
4402.96280094  59.0229530047 
4404.00099994  59.0898652546 
4405.03919894  59.1567388263 
4406.07739795  59.223573664 
4407.11559695  59.2903697115 
4408.15379595  59.3571269128 
4409.19199495  59.4238452118 
4410.23019396  59.4905245524 
4411.26839296  59.5571648787 
4412.30659196  59.6237661346 
4413.34479097  59.690328264 
4414.38298997  59.7568512108 
4415.42118897  59.8233349191 
4416.45938798  59.8897793328 
4417.49758698  59.9561843957 
4418.53578598  60.022550052 
4419.57398499  60.0888762454 
4420.61218399  60.15516292 
4421.65038299  60.2214100198 
4422.688582  60.2876174886 
4423.726781  60.3537852704 
4424.76498  60.4199133091 
4425.803179  60.4860015488 
4426.84137801  60.5520499334 
4427.87957701  60.6180584067 
4428.91777601  60.6840269128 
4429.95597502  60.7499553956 
4430.99417402  60.8158437991 
4432.03237302  60.8816920672 
4433.07057203  60.9475001438 
4434.10877103  61.013267973 
4435.14697003  61.0789954986 
4436.18516904  61.1446826646 
4437.22336804  61.2103294149 
4438.26156704  61.2759356936 
4439.29976604  61.3415014445 
4440.33796505  61.4070266116 
4441.37616405  61.4725111388 
4442.41436305  61.5379549702 
4443.45256206  61.6033580495 
4444.49076106  61.6687203209 
4445.52896006  61.7340417283 
4446.56715907  61.7993222155 
4447.60535807  61.8645617265 
4448.64355707  61.9297602054 
4449.68175608  61.994917596 
4450.71995508  62.0600338423 
4451.75815408  62.1251088882 
4452.79635309  62.1901426777 
4453.83455209  62.2551351548 
4454.87275109  62.3200862633 
4455.91095009  62.3849959473 
4456.9491491  62.4498641506 
4457.9873481  62.5146908173 
4459.0255471  62.5794758913 
4460.06374611  62.6442193165 
4461.10194511  62.7089210369 
4462.14014411  62.7735809964 
4463.17834312  62.838199139 
4464.21654212  62.9027754086 
4465.25474112  62.9673097492 
4466.29294013  63.0318021047 
4467.33113913  63.0962524191 
4468.36933813  63.1606606364 
4469.40753714  63.2250267004 
4470.44573614  63.2893505551 
4471.48393514  63.3536321445 
4472.52213414  63.4178714125 
4473.56033315  63.4820683031 
4474.59853215  63.5462227602 
4475.63673115  63.6103347278 
4476.67493016  63.6744041498 
4477.71312916  63.7384309701 
4478.75132816  63.8024151328 
4479.78952717  63.8663565817 
4480.82772617  63.9302552609 
4481.86592517  63.9941111142 
4482.90412418  64.0579240856 
4483.94232318  64.1216941191 
4484.98052218  64.1854211586 
4486.01872119  64.2491051481 
4487.05692019  64.3127460314 
4488.09511919  64.3763437527 
4489.13331819  64.4398982557 
4490.1715172  64.5034094845 
4491.2097162  64.566877383 
4492.2479152  64.6303018951 
4493.28611421  64.6936829649 
4494.32431321  64.7570205362 
4495.36251221  64.820314553 
4496.40071122  64.8835649592 
4497.43891022  64.9467716989 
4498.47710922  65.0099347159 
4499.51530823  65.0730539542 
4500.55350723  65.1361293577 
4501.59170623  65.1991608705 
4502.62990523  65.2621484364 
4503.66810424  65.3250919993 
4504.70630324  65.3879915034 
4505.74450224  65.4508468924 
4506.78270125  65.5136581103 
4507.82090025  65.5764251012 
4508.85909925  65.6391478089 
4509.89729826  65.7018261773 
4510.93549726  65.7644601506 
4511.97369626  65.8270496725 
4513.01189527  65.889594687 
4514.05009427  65.9520951381 
4515.08829327  66.0145509698 
4516.12649228  66.0769621259 
4517.16469128  66.1393285505 
4518.20289028  66.2016501875 
4519.24108928  66.2639269807 
4520.27928829  66.3261588743 
4521.31748729  66.3883458121 
4522.35568629  66.4504877381 
4523.3938853  66.5125845962 
4524.4320843  66.5746363303 
4525.4702833  66.6366428845 
4526.50848231  66.6986042027 
4527.54668131  66.7605202288 
4528.58488031  66.8223909068 
4529.62307932  66.8842161806 
4530.66127832  66.9459959941 
4531.69947732  67.0077302914 
4532.73767633  67.0694190164 
4533.77587533  67.131062113 
4534.81407433  67.1926595251 
4535.85227333  67.2542111967 
4536.89047234  67.3157170719 
4537.92867134  67.3771770944 
4538.96687034  67.4385912083 
4540.00506935  67.4999593575 
4541.04326835  67.561281486 
4542.08146735  67.6225575377 
4543.11966636  67.6837874565 
4544.15786536  67.7449711865 
4545.19606436  67.8061086715 
4546.23426337  67.8671998555 
4547.27246237  67.9282446825 
4548.31066137  67.9892430964 
4549.34886038  68.0501950411 
4550.38705938  68.1111004606 
4551.42525838  68.1719592989 
4552.46345738  68.2327714999 
4553.50165639  68.2935370076 
4554.53985539  68.3542557658 
4555.57805439  68.4149277186 
4556.6162534  68.4755528099 
4557.6544524  68.5361309836 
4558.6926514  68.5966621838 
4559.73085041  68.6571463543 
4560.76904941  68.717583439 
4561.80724841  68.7779733821 
4562.84544742  68.8383161273 
4563.88364642  68.8986116186 
4564.92184542  68.9588598001 
4565.96004442  69.0190606156 
4566.99824343  69.0792140091 
4568.03644243  69.1393199245 
4569.07464143  69.1993783058 
4570.11284044  69.2593890969 
4571.15103944  69.3193522419 
4572.18923844  69.3792676845 
4573.22743745  69.4391353689 
4574.26563645  69.4989552388 
4575.30383545  69.5587272384 
4576.34203446  69.6184513115 
4577.38023346  69.6781274021 
4578.41843246  69.7377554541 
4579.45663147  69.7973354115 
4580.49483047  69.8568672182 
4581.53302947  69.9163508182 
4582.57122847  69.9757861554 
4583.60942748  70.0351731738 
4584.64762648  70.0945118173 
4585.68582548  70.1538020299 
4586.72402449  70.2130437555 
4587.76222349  70.2722369381 
4588.80042249  70.3313815216 
4589.8386215  70.3904774499 
4590.8768205  70.4495246671 
4591.9150195  70.5085231171 
4592.95321851  70.5674727438 
4593.99141751  70.6263734911 
4595.02961651  70.6852253031 
4596.06781552  70.7440281236 
4597.10601452  70.8027818966 
4598.14421352  70.8614865661 
4599.18241252  70.920142076 
4600.22061153  70.9787483703 
4601.25881053  71.0373053929 
4602.29700953  71.0958130877 
4603.33520854  71.1542713988 
4604.37340754  71.21268027 
4605.41160654  71.2710396453 
4606.44980555  71.3293494686 
4607.48800455  71.387609684 
4608.52620355  71.4458202353 
4609.56440256  71.5039810666 
4610.60260156  71.5620921216 
4611.64080056  71.6201533445 
4612.67899956  71.6781646791 
4613.71719857  71.7361260695 
4614.75539757  71.7940374594 
4615.79359657  71.851898793 
4616.83179558  71.9097100141 
4617.86999458  71.9674710668 
4618.90819358  72.0251818948 
4619.94639259  72.0828424423 
4620.98459159  72.1404526531 
4622.02279059  72.1980124712 
4623.0609896  72.2555218405 
4624.0991886  72.312980705 
4625.1373876  72.3703890087 
4626.17558661  72.4277466954 
4627.21378561  72.4850537092 
4628.25198461  72.542309994 
4629.29018361  72.5995154937 
4630.32838262  72.6566701523 
4631.36658162  72.7137739137 
4632.40478062  72.7708267219 
4633.44297963  72.8278285209 
4634.48117863  72.8847792545 
4635.51937763  72.9416788667 
4636.55757664  72.9985273016 
4637.59577564  73.0553245029 
4638.63397464  73.1120704148 
4639.67217365  73.168764981 
4640.71037265  73.2254081457 
4641.74857165  73.2819998527 
4642.78677066  73.3385400459 
4643.82496966  73.3950286694 
4644.86316866  73.451465667 
4645.90136766  73.5078509828 
4646.93956667  73.5641845606 
4647.97776567  73.6204663444 
4649.01596467  73.6766962782 
4650.05416368  73.732874306 
4651.09236268  73.7890003716 
4652.13056168  73.845074419 
4653.16876069  73.9010963922 
4654.20695969  73.9570662351 
4655.24515869  74.0129838916 
4656.2833577  74.0688493058 
4657.3215567  74.1246624215 
4658.3597557  74.1804231828 
4659.39795471  74.2361315335 
4660.43615371  74.2917874176 
4661.47435271  74.3473907791 
4662.51255171  74.4029415619 
4663.55075072  74.4584397099 
4664.58894972  74.5138851671 
4665.62714872  74.5692778775 
4666.66534773  74.624617785 
4667.70354673  74.6799048336 
4668.74174573  74.7351389671 
4669.77994474  74.7903201296 
4670.81814374  74.845448265 
4671.85634274  74.9005233173 
4672.89454175  74.9555452303 
4673.93274075  75.0105139481 
4674.97093975  75.0654294146 
4676.00913875  75.1202915738 
4677.04733776  75.1751003695 
4678.08553676  75.2298557458 
4679.12373576  75.2845576465 
4680.16193477  75.3392060158 
4681.20013377  75.3938007974 
4682.23833277  75.4483419353 
4683.27653178  75.5028293735 
4684.31473078  75.557263056 
4685.35292978  75.6116429267 
4686.39112879  75.6659689294 
4687.42932779  75.7202410083 
4688.46752679  75.7744591072 
4689.5057258  75.8286231701 
4690.5439248  75.882733141 
4691.5821238  75.9367889637 
4692.6203228  75.9907905822 
4693.65852181  76.0447379405 
4694.69672081  76.0986309826 
4695.73491981  76.1524696523 
4696.77311882  76.2062538937 
4697.81131782  76.2599836506 
4698.84951682  76.3136588671 
4699.88771583  76.367279487 
4700.92591483  76.4208454544 
4701.96411383  76.4743567131 
4703.00231284  76.5278132072 
4704.04051184  76.5812148805 
4705.07871084  76.634561677 
4706.11690985  76.6878535407 
4707.15510885  76.7410904156 
4708.19330785  76.7942722455 
4709.23150685  76.8473989744 
4710.26970586  76.9004705463 
4711.30790486  76.9534869051 
4712.34610386  77.0064479947 
4713.38430287  77.0593537592 
4714.42250187  77.1122041425 
4715.46070087  77.1649990884 
4716.49889988  77.217738541 
4717.53709888  77.2704224442 
4718.57529788  77.323050742 
4719.61349689  77.3756233783 
4720.65169589  77.428140297 
4721.68989489  77.4806014422 
4722.7280939  77.5330067577 
4723.7662929  77.5853561875 
4724.8044919  77.6376496756 
4725.8426909  77.6898871658 
4726.88088991  77.7420686022 
4727.91908891  77.7941939287 
4728.95728791  77.8462630893 
4729.99548692  77.8982760279 
4731.03368592  77.9502326884 
4732.07188492  78.0021330148 
4733.11008393  78.0539769511 
4734.14828293  78.1057644411 
4735.18648193  78.1574954289 
4736.22468094  78.2091698584 
4737.26287994  78.2607876735 
4738.30107894  78.3123488182 
4739.33927794  78.3638532365 
4740.37747695  78.4153008723 
4741.41567595  78.4666916694 
4742.45387495  78.518025572 
4743.49207396  78.5693025239 
4744.53027296  78.6205224691 
4745.56847196  78.6716853516 
4746.60667097  78.7227911152 
4747.64486997  78.773839704 
4748.68306897  78.8248310618 
4749.72126798  78.8757651327 
4750.75946698  78.9266418605 
4751.79766598  78.9774611893 
4752.83586499  79.028223063 
4753.87406399  79.0789274255 
4754.91226299  79.1295742207 
4755.95046199  79.1801633927 
4756.988661  79.2306948854 
4758.02686  79.2811686427 
4759.065059  79.3315846085 
4760.10325801  79.3819427269 
4761.14145701  79.4322429418 
4762.17965601  79.4824851971 
4763.21785502  79.5326694367 
4764.25605402  79.5827956047 
4765.29425302  79.6328636449 
4766.33245203  79.6828735014 
4767.37065103  79.732825118 
4768.40885003  79.7827184388 
4769.44704904  79.8325534076 
4770.48524804  79.8823299684 
4771.52344704  79.9320480652 
4772.56164604  79.9817076418 
4773.59984505  80.0313086424 
4774.63804405  80.0808510108 
4775.67624305  80.1303346909 
4776.71444206  80.1797596267 
4777.75264106  80.2291257622 
4778.79084006  80.2784330413 
4779.82903907  80.327681408 
4780.86723807  80.3768708061 
4781.90543707  80.4260011797 
4782.94363608  80.4750724727 
4783.98183508  80.5240846291 
4785.02003408  80.5730375928 
4786.05823309  80.6219313077 
4787.09643209  80.6707657178 
4788.13463109  80.7195407671 
4789.17283009  80.7682563994 
4790.2110291  80.8169125588 
4791.2492281  80.8655091893 
4792.2874271  80.9140462346 
4793.32562611  80.9625236389 
4794.36382511  81.0109413459 
4795.40202411  81.0592992998 
4796.44022312  81.1075974444 
4797.47842212  81.1558357238 
4798.51662112  81.2040140817 
4799.55482013  81.2521324623 
4800.59301913  81.3001908093 
4801.63121813  81.3481890669 
4802.66941713  81.3961271789 
4803.70761614  81.4440050893 
4804.74581514  81.491822742 
4805.78401414  81.539580081 
4806.82221315  81.5872770503 
4807.86041215  81.6349135937 
4808.89861115  81.6824896552 
4809.93681016  81.7300051788 
4810.97500916  81.7774601085 
4812.01320816  81.8248543881 
4813.05140717  81.8721879617 
4814.08960617  81.9194607731 
4815.12780517  81.9666727664 
4816.16600418  82.0138238855 
4817.20420318  82.0609140742 
4818.24240218  82.1079432767 
4819.28060118  82.1549114367 
4820.31880019  82.2018184983 
4821.35699919  82.2486644055 
4822.39519819  82.2954491021 
4823.4333972  82.3421725321 
4824.4715962  82.3888346395 
4825.5097952  82.4354353683 
4826.54799421  82.4819746622 
4827.58619321  82.5284524654 
4828.62439221  82.5748687218 
4829.66259122  82.6212233753 
4830.70079022  82.6675163698 
4831.73898922  82.7137476494 
4832.77718823  82.7599171579 
4833.81538723  82.8060248393 
4834.85358623  82.8520706376 
4835.89178523  82.8980544967 
4836.92998424  82.9439763605 
4837.96818324  82.989836173 
4839.00638224  83.0356338782 
4840.04458125  83.08136942 
4841.08278025  83.1270427424 
4842.12097925  83.1726537893 
4843.15917826  83.2182025046 
4844.19737726  83.2636888323 
4845.23557626  83.3091127163 
4846.27377527  83.3544741007 
4847.31197427  83.3997729293 
4848.35017327  83.4450091461 
4849.38837227  83.490182695 
4850.42657128  83.5352935201 
4851.46477028  83.5803415652 
4852.50296928  83.6253267743 
4853.54116829  83.6702490913 
4854.57936729  83.7151084602 
4855.61756629  83.7599048249 
4856.6557653  83.8046381295 
4857.6939643  83.8493083178 
4858.7321633  83.8939153337 
4859.77036231  83.9384591213 
4860.80856131  83.9829396245 
4861.84676031  84.0273567873 
4862.88495932  84.0717105535 
4863.92315832  84.1160008671 
4864.96135732  84.1602276721 
4865.99955632  84.2043909125 
4867.03775533  84.2484905321 
4868.07595433  84.292526475 
4869.11415333  84.3364986851 
4870.15235234  84.3804071062 
4871.19055134  84.4242516825 
4872.22875034  84.4680323578 
4873.26694935  84.511749076 
4874.30514835  84.5554017812 
4875.34334735  84.5989904172 
4876.38154636  84.6425149281 
4877.41974536  84.6859752577 
4878.45794436  84.7293713501 
4879.49614337  84.7727031491 
4880.53434237  84.8159705988 
4881.57254137  84.859173643 
4882.61074037  84.9023122258 
4883.64893938  84.945386291 
4884.68713838  84.9883957826 
4885.72533738  85.0313406446 
4886.76353639  85.0742208209 
4887.80173539  85.1170362554 
4888.83993439  85.1597868922 
4889.8781334  85.2024726751 
4890.9163324  85.2450935482 
4891.9545314  85.2876494553 
4892.99273041  85.3301403404 
4894.03092941  85.3725661474 
4895.06912841  85.4149268204 
4896.10732742  85.4572223032 
4897.14552642  85.4994525399 
4898.18372542  85.5416174743 
4899.22192442  85.5837170504 
4900.26012343  85.6257512121 
4901.29832243  85.6677199034 
4902.33652143  85.7096230683 
4903.37472044  85.7514606507 
4904.41291944  85.7932325946 
4905.45111844  85.8349388438 
4906.48931745  85.8765793424 
4907.52751645  85.9181540343 
4908.56571545  85.9596628634 
4909.60391446  86.0011057737 
4910.64211346  86.0424827092 
4911.68031246  86.0837936137 
4912.71851146  86.1250384313 
4913.75671047  86.1662171059 
4914.79490947  86.2073295814 
4915.83310847  86.2483758018 
4916.87130748  86.2893557111 
4917.90950648  86.3302692531 
4918.94770548  86.3711163719 
4919.98590449  86.4118970113 
4921.02410349  86.4526111154 
4922.06230249  86.4932586281 
4923.1005015  86.5338394933 
4924.1387005  86.574353655 
4925.1768995  86.6148010571 
4926.21509851  86.6551816436 
4927.25329751  86.6954953584 
4928.29149651  86.7357421455 
4929.32969551  86.7759219488 
4930.36789452  86.8160347124 
4931.40609352  86.85608038 
4932.44429252  86.8960588957 
4933.48249153  86.9359702034 
4934.52069053  86.9758142471 
4935.55888953  87.0155909707 
4936.59708854  87.0553003182 
4937.63528754  87.0949422335 
4938.67348654  87.1345166606 
4939.71168555  87.1740235434 
4940.74988455  87.2134628259 
4941.78808355  87.2528344519 
4942.82628256  87.2921383656 
4943.86448156  87.3313745107 
4944.90268056  87.3705428314 
4945.94087956  87.4096432714 
4946.97907857  87.4486757748 
4948.01727757  87.4876402855 
4949.05547657  87.5265367475 
4950.09367558  87.5653651046 
4951.13187458  87.604125301 
4952.17007358  87.6428172804 
4953.20827259  87.6814409869 
4954.24647159  87.7199963644 
4955.28467059  87.7584833569 
4956.3228696  87.7969019082 
4957.3610686  87.8352519624 
4958.3992676  87.8735334635 
4959.43746661  87.9117463552 
4960.47566561  87.9498905817 
4961.51386461  87.9879660868 
4962.55206361  88.0259728145 
4963.59026262  88.0639107088 
4964.62846162  88.1017797135 
4965.66666062  88.1395797727 
4966.70485963  88.1773108303 
4967.74305863  88.2149728302 
4968.78125763  88.2525657165 
4969.81945664  88.2900894329 
4970.85765564  88.3275439236 
4971.89585464  88.3649291324 
4972.93405365  88.4022450033 
4973.97225265  88.4394914802 
4975.01045165  88.4766685072 
4976.04865065  88.513776028 
4977.08684966  88.5508139867 
4978.12504866  88.5877823273 
4979.16324766  88.6246809937 
4980.20144667  88.6615099298 
4981.23964567  88.6982690795 
4982.27784467  88.7349583869 
4983.31604368  88.7715777959 
4984.35424268  88.8081272504 
4985.39244168  88.8446066944 
4986.43064069  88.8810160718 
4987.46883969  88.9173553266 
4988.50703869  88.9536244028 
4989.5452377  88.9898232442 
4990.5834367  89.0259517948 
4991.6216357  89.0620099986 
4992.6598347  89.0979977995 
4993.69803371  89.1339151415 
4994.73623271  89.1697619685 
4995.77443171  89.2055382244 
4996.81263072  89.2412438533 
4997.85082972  89.2768787991 
4998.88902872  89.3124430057 
4999.92722773  89.347936417 
5000.96542673  89.3833589771 
5002.00362573  89.4187106298 
5003.04182474  89.4539913191 
5004.08002374  89.489200989 
5005.11822274  89.5243395834 
5006.15642175  89.5594070463 
5007.19462075  89.5944033216 
5008.23281975  89.6293283532 
5009.27101875  89.6641820852 
5010.30921776  89.6989644614 
5011.34741676  89.7336754258 
5012.38561576  89.7683149224 
5013.42381477  89.802882895 
5014.46201377  89.8373792877 
5015.50021277  89.8718040445 
5016.53841178  89.9061571091 
5017.57661078  89.9404384257 
5018.61480978  89.9746479381 
5019.65300879  90.0087855904 
5020.69120779  90.0428513263 
5021.72940679  90.07684509 
5022.7676058  90.1107668253 
5023.8058048  90.1446164762 
5024.8440038  90.1783939867 
5025.8822028  90.2120993006 
5026.92040181  90.245732362 
5027.95860081  90.2792931148 
5028.99679981  90.3127815029 
5030.03499882  90.3461974703 
5031.07319782  90.379540961 
5032.11139682  90.4128119188 
5033.14959583  90.4460102878 
5034.18779483  90.4791360119 
5035.22599383  90.512189035 
5036.26419284  90.545169301 
5037.30239184  90.5780767541 
5038.34059084  90.610911338 
5039.37878984  90.6436729967 
5040.41698885  90.6763616742 
5041.45518785  90.7089773144 
5042.49338685  90.7415198614 
5043.53158586  90.7739892589 
5044.56978486  90.806385451 
5045.60798386  90.8387083817 
5046.64618287  90.8709579948 
5047.68438187  90.9031342344 
5048.72258087  90.9352370443 
5049.76077988  90.9672663685 
5050.79897888  90.9992221511 
5051.83717788  91.0311043358 
5052.87537689  91.0629128667 
5053.91357589  91.0946476877 
5054.95177489  91.1263087428 
5055.98997389  91.157895976 
5057.0281729  91.189409331 
5058.0663719  91.220848752 
5059.1045709  91.2522141829 
5060.14276991  91.2835055676 
5061.18096891  91.31472285 
5062.21916791  91.3458659742 
5063.25736692  91.376934884 
5064.29556592  91.4079295234 
5065.33376492  91.4388498364 
5066.37196393  91.4696957669 
5067.41016293  91.5004672588 
5068.44836193  91.5311642562 
5069.48656094  91.5617867029 
5070.52475994  91.5923345429 
5071.56295894  91.6228077202 
5072.60115794  91.6532061786 
5073.63935695  91.6835298623 
5074.67755595  91.713778715 
5075.71575495  91.7439526808 
5076.75395396  91.7740517035 
5077.79215296  91.8040757273 
5078.83035196  91.8340246959 
5079.86855097  91.8638985534 
5080.90674997  91.8936972436 
5081.94494897  91.9234207106 
5082.98314798  91.9530688983 
5084.02134698  91.9826417507 
5085.05954598  92.0121392116 
5086.09774498  92.0415612251 
5087.13594399  92.0709077351 
5088.17414299  92.1001786855 
5089.21234199  92.1293740203 
5090.250541  92.1584936834 
5091.28874  92.1875376188 
5092.326939  92.2165057705 
5093.36513801  92.2453980824 
5094.40333701  92.2742144983 
5095.44153601  92.3029549624 
5096.47973502  92.3316194185 
5097.51793402  92.3602078106 
5098.55613302  92.3887200826 
5099.59433203  92.4171561785 
5100.63253103  92.4455160422 
5101.67073003  92.4737996177 
5102.70892903  92.5020068489 
5103.74712804  92.5301376798 
5104.78532704  92.5581920543 
5105.82352604  92.5861699164 
5106.86172505  92.61407121 
5107.89992405  92.6418958791 
5108.93812305  92.6696438676 
5109.97632206  92.6973151195 
5111.01452106  92.7249095787 
5112.05272006  92.7524271892 
5113.09091907  92.7798678949 
5114.12911807  92.8072316398 
5115.16731707  92.8345183677 
5116.20551608  92.8617280228 
5117.24371508  92.8888605488 
5118.28191408  92.9159158899 
5119.32011308  92.9428939898 
5120.35831209  92.9697947926 
5121.39651109  92.9966182422 
5122.43471009  93.0233642826 
5123.4729091  93.0500328576 
5124.5111081  93.0766239114 
5125.5493071  93.1031373877 
5126.58750611  93.1295732306 
5127.62570511  93.155931384 
5128.66390411  93.1822117919 
5129.70210312  93.2084143981 
5130.74030212  93.2345391467 
5131.77850112  93.2605859817 
5132.81670013  93.2865548468 
5133.85489913  93.3124456862 
5134.89309813  93.3382584437 
5135.93129713  93.3639930633 
5136.96949614  93.389649489 
5138.00769514  93.4152276646 
5139.04589414  93.4407275342 
5140.08409315  93.4661490417 
5141.12229215  93.4914921311 
5142.16049115  93.5167567462 
5143.19869016  93.5419428311 
5144.23688916  93.5670503297 
5145.27508816  93.5920791859 
5146.31328717  93.6170293437 
5147.35148617  93.641900747 
5148.38968517  93.6666933398 
5149.42788417  93.6914070661 
5150.46608318  93.7160418698 
5151.50428218  93.7405976947 
5152.54248118  93.765074485 
5153.58068019  93.7894721845 
5154.61887919  93.8137907372 
5155.65707819  93.838030087 
5156.6952772  93.8621901779 
5157.7334762  93.8862709538 
5158.7716752  93.9102723587 
5159.80987421  93.9341943366 
5160.84807321  93.9580368313 
5161.88627221  93.9817997868 
5162.92447122  94.0054831471 
5163.96267022  94.0290868561 
5165.00086922  94.0526108578 
5166.03906822  94.0760550962 
5167.07726723  94.0994195151 
5168.11546623  94.1227040585 
5169.15366523  94.1459086704 
5170.19186424  94.1690332947 
5171.23006324  94.1920778754 
5172.26826224  94.2150423564 
5173.30646125  94.2379266816 
5174.34466025  94.2607307951 
5175.38285925  94.2834546407 
5176.42105826  94.3060981625 
5177.45925726  94.3286613043 
5178.49745626  94.3511440101 
5179.53565527  94.3735462239 
5180.57385427  94.3958678896 
5181.61205327  94.4181089512 
5182.65025227  94.4402693526 
5183.68845128  94.4623490377 
5184.72665028  94.4843479505 
5185.76484928  94.506266035 
5186.80304829  94.5281032351 
5187.84124729  94.5498594947 
5188.87944629  94.5715347579 
5189.9176453  94.5931289685 
5190.9558443  94.6146420705 
5191.9940433  94.6360740078 
5193.03224231  94.6574247245 
5194.07044131  94.6786941643 
5195.10864031  94.6998822714 
5196.14683932  94.7209889897 
5197.18503832  94.742014263 
5198.22323732  94.7629580354 
5199.26143632  94.7838202508 
5200.29963533  94.8046008531 
5201.33783433  94.8252997863 
5202.37603333  94.8459169943 
5203.41423234  94.8664524212 
5204.45243134  94.8869060108 
5205.49063034  94.907277707 
5206.52882935  94.9275674539 
5207.56702835  94.9477751954 
5208.60522735  94.9679008754 
5209.64342636  94.9879444379 
5210.68162536  95.0079058269 
5211.71982436  95.0277849862 
5212.75802336  95.0475818599 
5213.79622237  95.0672963918 
5214.83442137  95.086928526 
5215.87262037  95.1064782063 
5216.91081938  95.1259453768 
5217.94901838  95.1453299814 
5218.98721738  95.164631964 
5220.02541639  95.1838512685 
5221.06361539  95.202987839 
5222.10181439  95.2220416194 
5223.1400134  95.2410125535 
5224.1782124  95.2599005855 
5225.2164114  95.2787056592 
5226.25461041  95.2974277185 
5227.29280941  95.3160667075 
5228.33100841  95.33462257 
5229.36920741  95.3530952501 
5230.40740642  95.3714846916 
5231.44560542  95.3897908385 
5232.48380442  95.4080136348 
5233.52200343  95.4261530244 
5234.56020243  95.4442089513 
5235.59840143  95.4621813594 
5236.63660044  95.4800701926 
5237.67479944  95.497875395 
5238.71299844  95.5155969104 
5239.75119745  95.5332346829 
5240.78939645  95.5507886562 
5241.82759545  95.5682587745 
5242.86579446  95.5856449817 
5243.90399346  95.6029472216 
5244.94219246  95.6201654384 
5245.98039146  95.6372995758 
5247.01859047  95.6543495778 
5248.05678947  95.6713153885 
5249.09498847  95.6881969517 
5250.13318748  95.7049942114 
5251.17138648  95.7217071116 
5252.20958548  95.7383355962 
5253.24778449  95.7548796091 
5254.28598349  95.7713390943 
5255.32418249  95.7877139957 
5256.3623815  95.8040042574 
5257.4005805  95.8202098232 
5258.4387795  95.8363306371 
5259.47697851  95.852366643 
5260.51517751  95.8683177849 
5261.55337651  95.8841840068 
5262.59157551  95.8999652525 
5263.62977452  95.9156614661 
5264.66797352  95.9312725915 
5265.70617252  95.9467985726 
5266.74437153  95.9622393534 
5267.78257053  95.9775948778 
5268.82076953  95.9928650898 
5269.85896854  96.0080499334 
5270.89716754  96.0231493524 
5271.93536654  96.0381632908 
5272.97356555  96.0530916927 
5274.01176455  96.0679345018 
5275.04996355  96.0826916623 
5276.08816255  96.097363118 
5277.12636156  96.1119488128 
5278.16456056  96.1264486908 
5279.20275956  96.1408626958 
5280.24095857  96.1551907719 
5281.27915757  96.169432863 
5282.31735657  96.1835889129 
5283.35555558  96.1976588658 
5284.39375458  96.2116426654 
5285.43195358  96.2255402558 
5286.47015259  96.239351581 
5287.50835159  96.2530765848 
5288.54655059  96.2667152112 
5289.5847496  96.2802674042 
5290.6229486  96.2937331078 
5291.6611476  96.3071122657 
5292.6993466  96.3204048221 
5293.73754561  96.3336107209 
5294.77574461  96.3467299059 
5295.81394361  96.3597623213 
5296.85214262  96.3727079108 
5297.89034162  96.3855666185 
5298.92854062  96.3983383883 
5299.96673963  96.4110231641 
5301.00493863  96.42362089 
5302.04313763  96.4361315098 
5303.08133664  96.4485549675 
5304.11953564  96.4608912071 
5305.15773464  96.4731401725 
5306.19593365  96.4853018076 
5307.23413265  96.4973760564 
5308.27233165  96.5093628629 
5309.31053065  96.521262171 
5310.34872966  96.5330739246 
5311.38692866  96.5447980677 
5312.42512766  96.5564345443 
5313.46332667  96.5679832983 
5314.50152567  96.5794442736 
5315.53972467  96.5908174142 
5316.57792368  96.602102664 
5317.61612268  96.6132999671 
5318.65432168  96.6244092672 
5319.69252069  96.6354305085 
5320.73071969  96.6463636348 
5321.76891869  96.6572085901 
5322.80711769  96.6679653183 
5323.8453167  96.6786337634 
5324.8835157  96.6892138694 
5325.9217147  96.6997055801 
5326.95991371  96.7101088396 
5327.99811271  96.7204235917 
5329.03631171  96.7306497805 
5330.07451072  96.7407873499 
5331.11270972  96.7508362438 
5332.15090872  96.7607964061 
5333.18910773  96.7706677809 
5334.22730673  96.7804503121 
5335.26550573  96.7901439436 
5336.30370474  96.7997486194 
5337.34190374  96.8092642834 
5338.38010274  96.8186908796 
5339.41830174  96.8280283519 
5340.45650075  96.8372766443 
5341.49469975  96.8464357007 
5342.53289875  96.855505465 
5343.57109776  96.8644858813 
5344.60929676  96.8733768935 
5345.64749576  96.8821784454 
5346.68569477  96.8908904812 
5347.72389377  96.8995129446 
5348.76209277  96.9080457797 
5349.80029178  96.9164889305 
5350.83849078  96.9248423407 
5351.87668978  96.9331059545 
5352.91488879  96.9412797158 
5353.95308779  96.9493635685 
5354.99128679  96.9573574565 
5356.02948579  96.9652613239 
5357.0676848  96.9730751145 
5358.1058838  96.9807987723 
5359.1440828  96.9884322412 
5360.18228181  96.9959754653 
5361.22048081  97.0034283884 
5362.25867981  97.0107909545 
5363.29687882  97.0180631076 
5364.33507782  97.0252447916 
5365.37327682  97.0323359504 
5366.41147583  97.0393365281 
5367.44967483  97.0462464684 
5368.48787383  97.0530657155 
5369.52607284  97.0597942132 
5370.56427184  97.0664319055 
5371.60247084  97.0729787364 
5372.64066984  97.0794346498 
5373.67886885  97.0857995896 
5374.71706785  97.0920734997 
5375.75526685  97.0982563243 
5376.79346586  97.1043480071 
5377.83166486  97.1103484922 
5378.86986386  97.1162577234 
5379.90806287  97.1220756448 
5380.94626187  97.1278022003 
5381.98446087  97.1334373338 
5383.02265988  97.1389809893 
5384.06085888  97.1444331107 
5385.09905788  97.149793642 
5386.13725688  97.1550625272 
5387.17545589  97.1602397101 
5388.21365489  97.1653251348 
5389.25185389  97.1703187451 
5390.2900529  97.1752204851 
5391.3282519  97.1800302986 
5392.3664509  97.1847481297 
5393.40464991  97.1893739222 
5394.44284891  97.1939076202 
5395.48104791  97.1983491676 
5396.51924692  97.2026985082 
5397.55744592  97.2069555862 
5398.59564492  97.2111203454 
5399.63384393  97.2151927297 
5400.67204293  97.2191726831 
5401.71024193  97.2230601497 
5402.74844093  97.2268550732 
5403.78663994  97.2305573977 
5404.82483894  97.2341670672 
5405.86303794  97.2376840254 
5406.90123695  97.2411082166 
5407.93943595  97.2444395844 
5408.97763495  97.247678073 
5410.01583396  97.2508236263 
5411.05403296  97.2538761881 
5412.09223196  97.2568357025 
5413.13043097  97.2597021135 
5414.16862997  97.2624753648 
5415.20682897  97.2651554006 
5416.24502798  97.2677421648 
5417.28322698  97.2702356012 
5418.32142598  97.2726356539 
5419.35962498  97.2749422669 
5420.39782399  97.2771553839 
5421.43602299  97.2792749491 
5422.47422199  97.2813009063 
5423.512421  97.2832331995 
5424.55062  97.2850717727 
5425.588819  97.2868165697 
5426.62701801  97.2884675347 
5427.66521701  97.2900246114 
5428.70341601  97.2914877438 
5429.74161502  97.292856876 
5430.77981402  97.2941319518 
5431.81801302  97.2953129152 
5432.85621203  97.2963997101 
5433.89441103  97.2973922805 
5434.93261003  97.2982905704 
5435.97080903  97.2990945236 
5437.00900804  97.2998040842 
5438.04720704  97.3004191961 
5439.08540604  97.3009398032 
5440.12360505  97.3013658495 
5441.16180405  97.3016972789 
5442.20000305  97.3019340354 
5443.23820206  97.302076063 
5444.27640106  97.3021233055 
5445.31460006  97.302075707 
5446.35279907  97.3019332113 
5447.39099807  97.3016957625 
5448.42919707  97.3013633045 
5449.46739607  97.3009357811 
5450.50559508  97.3004131365 
5451.54379408  97.2997953145 
5452.58199308  97.299082259 
5453.62019209  97.2982739141 
5454.65839109  97.2973702237 
5455.69659009  97.2963711317 
5456.7347891  97.295276582 
5457.7729881  97.2940865187 
5458.8111871  97.2928008856 
5459.84938611  97.2914196268 
5460.88758511  97.2899426861 
5461.92578411  97.2883700076 
5462.96398312  97.2867015351 
5464.00218212  97.2849372126 
5465.04038112  97.2830769841 
5466.07858012  97.2811207935 
5467.11677913  97.2790685847 
5468.15497813  97.2769203018 
5469.19317713  97.2746758887 
5470.23137614  97.2723352892 
5471.26957514  97.2698984474 
5472.30777414  97.2673653072 
5473.34597315  97.2647358126 
5474.38417215  97.2620099075 
5475.42237115  97.2591875358 
5476.46057016  97.2562686416 
5477.49876916  97.2532531686 
5478.53696816  97.250141061 
5479.57516717  97.2469322627 
5480.61336617  97.2436267175 
5481.65156517  97.2402243695 
5482.68976417  97.2367251626 
5483.72796318  97.2331290408 
5484.76616218  97.2294359479 
5485.80436118  97.225645828 
5486.84256019  97.221758625 
5487.88075919  97.2177742828 
5488.91895819  97.2136927454 
5489.9571572  97.2095139568 
5490.9953562  97.2052378609 
5492.0335552  97.2008644015 
5493.07175421  97.1963935228 
5494.10995321  97.1918251687 
5495.14815221  97.187159283 
5496.18635122  97.1823958097 
5497.22455022  97.1775346929 
5498.26274922  97.1725758763 
5499.30094822  97.1675193041 
5500.33914723  97.1623649201 
5501.37734623  97.1571126683 
5502.41554523  97.1517624926 
5503.45374424  97.146314337 
5504.49194324  97.1407681454 
5505.53014224  97.1351238618 
5506.56834125  97.1293814301 
5507.60654025  97.1235407943 
5508.64473925  97.1176018984 
5509.68293826  97.1115646862 
5510.72113726  97.1054291017 
5511.75933626  97.0991950889 
5512.79753526  97.0928625917 
5513.83573427  97.0864315541 
5514.87393327  97.0799019201 
5515.91213227  97.0732736335 
5516.95033128  97.0665466383 
5517.98853028  97.0597208784 
5519.02672928  97.0527962979 
5520.06492829  97.0457728407 
5521.10312729  97.0386504507 
5522.14132629  97.0314290718 
5523.1795253  97.0241086481 
5524.2177243  97.0166891234 
5525.2559233  97.0091704418 
5526.29412231  97.0015525471 
5527.33232131  96.9938353833 
5528.37052031  96.9860188943 
5529.40871931  96.9781030242 
5530.44691832  96.9700877169 
5531.48511732  96.9619729162 
5532.52331632  96.9537585662 
5533.56151533  96.9454446108 
5534.59971433  96.937030994 
5535.63791333  96.9285176596 
5536.67611234  96.9199045517 
5537.71431134  96.9111916142 
5538.75251034  96.9023787911 
5539.79070935  96.8934660263 
5540.82890835  96.8844532637 
5541.86710735  96.8753404473 
5542.90530636  96.8661275211 
5543.94350536  96.8568144289 
5544.98170436  96.8474011148 
5546.01990336  96.8378875227 
5547.05810237  96.8282735966 
5548.09630137  96.8185592803 
5549.13450037  96.8087445179 
5550.17269938  96.7988292532 
5551.21089838  96.7888134303 
5552.24909738  96.7786969931 
5553.28729639  96.7684798856 
5554.32549539  96.7581620516 
5555.36369439  96.7477434351 
5556.4018934  96.7372239802 
5557.4400924  96.7266036307 
5558.4782914  96.7158823305 
5559.5164904  96.7050600237 
5560.55468941  96.6941366542 
5561.59288841  96.6831121659 
5562.63108741  96.6719865028 
5563.66928642  96.6607596088 
5564.70748542  96.6494314279 
5565.74568442  96.638001904 
5566.78388343  96.6264709811 
5567.82208243  96.6148386031 
5568.86028143  96.603104714 
5569.89848044  96.5912692577 
5570.93667944  96.5793321782 
5571.97487844  96.5672934194 
5573.01307745  96.5551529253 
5574.05127645  96.5429106398 
5575.08947545  96.5305665069 
5576.12767445  96.5181204705 
5577.16587346  96.5055724746 
5578.20407246  96.492922463 
5579.24227146  96.4801703799 
5580.28047047  96.467316169 
5581.31866947  96.4543597745 
5582.35686847  96.4413011401 
5583.39506748  96.4281402099 
5584.43326648  96.4148769278 
5585.47146548  96.4015112378 
5586.50966449  96.3880430838 
5587.54786349  96.3744724097 
5588.58606249  96.3607991595 
5589.6242615  96.3470232772 
5590.6624605  96.3331447068 
5591.7006595  96.319163392 
5592.7388585  96.305079277 
5593.77705751  96.2908923056 
5594.81525651  96.2766024218 
5595.85345551  96.2622095696 
5596.89165452  96.2477136929 
5597.92985352  96.2331147356 
5598.96805252  96.2184126417 
5600.00625153  96.2036073552 
5601.04445053  96.18869882 
5602.08264953  96.17368698 
5603.12084854  96.1585717792 
5604.15904754  96.1433531615 
5605.19724654  96.128031071 
5606.23544555  96.1126054515 
5607.27364455  96.097076247 
5608.31184355  96.0814434014 
5609.35004255  96.0657068587 
5610.38824156  96.0498665628 
5611.42644056  96.0339224578 
5612.46463956  96.0178744875 
5613.50283857  96.0017225958 
5614.54103757  95.9854667268 
5615.57923657  95.9691068244 
5616.61743558  95.9526428325 
5617.65563458  95.9360746951 
5618.69383358  95.9194023561 
5619.73203259  95.9026257595 
5620.77023159  95.8857448493 
5621.80843059  95.8687595693 
5622.84662959  95.8516698635 
5623.8848286  95.834475676 
5624.9230276  95.8171769505 
5625.9612266  95.7997736311 
5626.99942561  95.7822656618 
5628.03762461  95.7646529864 
5629.07582361  95.746935549 
5630.11402262  95.7291132934 
5631.15222162  95.7111861636 
5632.19042062  95.6931541036 
5633.22861963  95.6750170574 
5634.26681863  95.6567749688 
5635.30501763  95.6384277818 
5636.34321664  95.6199754404 
5637.38141564  95.6014178884 
5638.41961464  95.58275507 
5639.45781364  95.563986929 
5640.49601265  95.5451134093 
5641.53421165  95.526134455 
5642.57241065  95.5070500099 
5643.61060966  95.487860018 
5644.64880866  95.4685644233 
5645.68700766  95.4491631697 
5646.72520667  95.4296562011 
5647.76340567  95.4100434616 
5648.80160467  95.390324895 
5649.83980368  95.3705004453 
5650.87800268  95.3505700565 
5651.91620168  95.3305336724 
5652.95440069  95.3103912371 
5653.99259969  95.2901426946 
5655.03079869  95.2697879886 
5656.06899769  95.2493270633 
5657.1071967  95.2287598625 
5658.1453957  95.2080863303 
5659.1835947  95.1873064104 
5660.22179371  95.166420047 
5661.25999271  95.1454271839 
5662.29819171  95.1243277651 
5663.33639072  95.1031217345 
5664.37458972  95.0818090362 
5665.41278872  95.0603896139 
5666.45098773  95.0388634118 
5667.48918673  95.0172303737 
5668.52738573  94.9954904436 
5669.56558474  94.9736435655 
5670.60378374  94.9516896832 
5671.64198274  94.9296287407 
5672.68018174  94.9074606821 
5673.71838075  94.8851854511 
5674.75657975  94.8628029919 
5675.79477875  94.8403132483 
5676.83297776  94.8177161643 
5677.87117676  94.7950116838 
5678.90937576  94.7721997508 
5679.94757477  94.7492803092 
5680.98577377  94.726253303 
5682.02397277  94.7031186761 
5683.06217178  94.6798763725 
5684.10037078  94.6565263361 
5685.13856978  94.6330685109 
5686.17676878  94.6095028408 
5687.21496779  94.5858292698 
5688.25316679  94.5620477418 
5689.29136579  94.5381582008 
5690.3295648  94.5141605907 
5691.3677638  94.4900548555 
5692.4059628  94.465840939 
5693.44416181  94.4415187854 
5694.48236081  94.4170883385 
5695.52055981  94.3925495422 
5696.55875882  94.3679023406 
5697.59695782  94.3431466775 
5698.63515682  94.3182824969 
5699.67335583  94.2933097428 
5700.71155483  94.2682283591 
5701.74975383  94.2430382898 
5702.78795283  94.2177394787 
5703.82615184  94.19233187 
5704.86435084  94.1668154074 
5705.90254984  94.141190035 
5706.94074885  94.1154556967 
5707.97894785  94.0896123364 
5709.01714685  94.0636598982 
5710.05534586  94.0375983259 
5711.09354486  94.0114275635 
5712.13174386  93.985147555 
5713.16994287  93.9587582442 
5714.20814187  93.9322595752 
5715.24634087  93.905651492 
5716.28453988  93.8789339383 
5717.32273888  93.8521068583 
5718.36093788  93.8251701958 
5719.39913688  93.7981238948 
5720.43733589  93.7709678992 
5721.47553489  93.743702153 
5722.51373389  93.7163266002 
5723.5519329  93.6888411847 
5724.5901319  93.6612458504 
5725.6283309  93.6335405413 
5726.66652991  93.6057252013 
5727.70472891  93.5777997744 
5728.74292791  93.5497642046 
5729.78112692  93.5216184357 
5730.81932592  93.4933624118 
5731.85752492  93.4649960767 
5732.89572393  93.4365193745 
5733.93392293  93.4079322491 
5734.97212193  93.3792346444 
5736.01032093  93.3504265044 
5737.04851994  93.321507773 
5738.08671894  93.2924783942 
5739.12491794  93.2633383119 
5740.16311695  93.2340874701 
5741.20131595  93.2047258128 
5742.23951495  93.1752532838 
5743.27771396  93.1456698271 
5744.31591296  93.1159753867 
5745.35411196  93.0861699065 
5746.39231097  93.0562533305 
5747.43050997  93.0262256026 
5748.46870897  92.9960866668 
5749.50690797  92.965836467 
5750.54510698  92.9354749471 
5751.58330598  92.9050020512 
5752.62150498  92.8744177232 
5753.65970399  92.843721907 
5754.69790299  92.8129145465 
5755.73610199  92.7819955857 
5756.774301  92.7509649687 
5757.8125  92.7198226392 
