6271.33984375  84.3634522071 
6271.90852682  84.4027382995 
6272.47720988  84.4419702548 
6273.04589295  84.4811481077 
6273.61457602  84.5202718934 
6274.18325909  84.5593416466 
6274.75194215  84.5983574024 
6275.32062522  84.6373191957 
6275.88930829  84.6762270615 
6276.45799135  84.7150810346 
6277.02667442  84.75388115 
6277.59535749  84.7926274427 
6278.16404055  84.8313199476 
6278.73272362  84.8699586997 
6279.30140669  84.9085437338 
6279.87008976  84.947075085 
6280.43877282  84.9855527881 
6281.00745589  85.0239768781 
6281.57613896  85.06234739 
6282.14482202  85.1006643587 
6282.71350509  85.1389278191 
6283.28218816  85.1771378061 
6283.85087123  85.2152943548 
6284.41955429  85.2533975 
6284.98823736  85.2914472768 
6285.55692043  85.32944372 
6286.12560349  85.3673868645 
6286.69428656  85.4052767454 
6287.26296963  85.4431133975 
6287.83165269  85.4808968558 
6288.40033576  85.5186271553 
6288.96901883  85.5563043309 
6289.5377019  85.5939284175 
6290.10638496  85.63149945 
6290.67506803  85.6690174635 
6291.2437511  85.7064824928 
6291.81243416  85.7438945729 
6292.38111723  85.7812537387 
6292.9498003  85.8185600252 
6293.51848337  85.8558134673 
6294.08716643  85.8930140999 
6294.6558495  85.9301619581 
6295.22453257  85.9672570767 
6295.79321563  86.0042994907 
6296.3618987  86.0412892349 
6296.93058177  86.0782263445 
6297.49926483  86.1151108542 
6298.0679479  86.1519427991 
6298.63663097  86.1887222141 
6299.20531404  86.2254491341 
6299.7739971  86.262123594 
6300.34268017  86.2987456289 
6300.91136324  86.3353152736 
6301.4800463  86.3718325631 
6302.04872937  86.4082975323 
6302.61741244  86.4447102162 
6303.18609551  86.4810706497 
6303.75477857  86.5173788678 
6304.32346164  86.5536349053 
6304.89214471  86.5898387972 
6305.46082777  86.6259905786 
6306.02951084  86.6620902842 
6306.59819391  86.6981379491 
6307.16687697  86.7341336082 
6307.73556004  86.7700772964 
6308.30424311  86.8059690487 
6308.87292618  86.8418089 
6309.44160924  86.8775968853 
6310.01029231  86.9133330394 
6310.57897538  86.9490173974 
6311.14765844  86.9846499942 
6311.71634151  87.0202308647 
6312.28502458  87.0557600439 
6312.85370765  87.0912375667 
6313.42239071  87.126663468 
6313.99107378  87.1620377828 
6314.55975685  87.197360546 
6315.12843991  87.2326317926 
6315.69712298  87.2678515575 
6316.26580605  87.3030198756 
6316.83448912  87.3381367819 
6317.40317218  87.3732023114 
6317.97185525  87.4082164989 
6318.54053832  87.4431793795 
6319.10922138  87.4780909879 
6319.67790445  87.5129513593 
6320.24658752  87.5477605285 
6320.81527058  87.5825185305 
6321.38395365  87.6172254002 
6321.95263672  87.6518811726 
6322.52131979  87.6864858826 
6323.09000285  87.7210395651 
6323.65868592  87.755542255 
6324.22736899  87.7899939874 
6324.79605205  87.8243947972 
6325.36473512  87.8587447193 
6325.93341819  87.8930437886 
6326.50210126  87.92729204 
6327.07078432  87.9614895087 
6327.63946739  87.9956362293 
6328.20815046  88.029732237 
6328.77683352  88.0637775667 
6329.34551659  88.0977722532 
6329.91419966  88.1317163315 
6330.48288272  88.1656098366 
6331.05156579  88.1994528035 
6331.62024886  88.2332452669 
6332.18893193  88.266987262 
6332.75761499  88.3006788236 
6333.32629806  88.3343199867 
6333.89498113  88.3679107862 
6334.46366419  88.4014512571 
6335.03234726  88.4349414342 
6335.60103033  88.4683813526 
6336.1697134  88.5017710472 
6336.73839646  88.5351105529 
6337.30707953  88.5683999046 
6337.8757626  88.6016391373 
6338.44444566  88.634828286 
6339.01312873  88.6679673856 
6339.5818118  88.701056471 
6340.15049486  88.7340955772 
6340.71917793  88.767084739 
6341.287861  88.8000239916 
6341.85654407  88.8329133697 
6342.42522713  88.8657529083 
6342.9939102  88.8985426424 
6343.56259327  88.9312826069 
6344.13127633  88.9639728368 
6344.6999594  88.9966133669 
6345.26864247  89.0292042323 
6345.83732554  89.0617454679 
6346.4060086  89.0942371086 
6346.97469167  89.1266791893 
6347.54337474  89.1590717451 
6348.1120578  89.1914148107 
6348.68074087  89.2237084213 
6349.24942394  89.2559526116 
6349.818107  89.2881474168 
6350.38679007  89.3202928716 
6350.95547314  89.3523890111 
6351.52415621  89.3844358701 
6352.09283927  89.4164334837 
6352.66152234  89.4483818868 
6353.23020541  89.4802811142 
6353.79888847  89.512131201 
6354.36757154  89.5439321821 
6354.93625461  89.5756840924 
6355.50493768  89.6073869669 
6356.07362074  89.6390408405 
6356.64230381  89.6706457481 
6357.21098688  89.7022017248 
6357.77966994  89.7337088053 
6358.34835301  89.7651670248 
6358.91703608  89.796576418 
6359.48571914  89.8279370201 
6360.05440221  89.8592488658 
6360.62308528  89.8905119901 
6361.19176835  89.9217264281 
6361.76045141  89.9528922145 
6362.32913448  89.9840093844 
6362.89781755  90.0150779727 
6363.46650061  90.0460980144 
6364.03518368  90.0770695443 
6364.60386675  90.1079925975 
6365.17254982  90.1388672088 
6365.74123288  90.1696934132 
6366.30991595  90.2004712457 
6366.87859902  90.2312007411 
6367.44728208  90.2618819345 
6368.01596515  90.2925148608 
6368.58464822  90.3230995548 
6369.15333129  90.3536360517 
6369.72201435  90.3841243862 
6370.29069742  90.4145645933 
6370.85938049  90.444956708 
6371.42806355  90.4753007653 
6371.99674662  90.5055968 
6372.56542969  90.535844847 
6373.13411275  90.5660449415 
6373.70279582  90.5961971182 
6374.27147889  90.6263014121 
6374.84016196  90.6563578581 
6375.40884502  90.6863664913 
6375.97752809  90.7163273465 
6376.54621116  90.7462404587 
6377.11489422  90.7761058629 
6377.68357729  90.8059235939 
6378.25226036  90.8356936867 
6378.82094343  90.8654161762 
6379.38962649  90.8950910974 
6379.95830956  90.9247184853 
6380.52699263  90.9542983747 
6381.09567569  90.9838308007 
6381.66435876  91.013315798 
6382.23304183  91.0427534018 
6382.80172489  91.0721436469 
6383.37040796  91.1014865683 
6383.93909103  91.1307822009 
6384.5077741  91.1600305797 
6385.07645716  91.1892317395 
6385.64514023  91.2183857154 
6386.2138233  91.2474925423 
6386.78250636  91.276552255 
6387.35118943  91.3055648887 
6387.9198725  91.3345304781 
6388.48855557  91.3634490583 
6389.05723863  91.3923206642 
6389.6259217  91.4211453307 
6390.19460477  91.4499230927 
6390.76328783  91.4786539853 
6391.3319709  91.5073380433 
6391.90065397  91.5359753017 
6392.46933703  91.5645657954 
6393.0380201  91.5931095594 
6393.60670317  91.6216066286 
6394.17538624  91.6500570379 
6394.7440693  91.6784608224 
6395.31275237  91.7068180168 
6395.88143544  91.7351286563 
6396.4501185  91.7633927756 
6397.01880157  91.7916104098 
6397.58748464  91.8197815939 
6398.15616771  91.8479063626 
6398.72485077  91.875984751 
6399.29353384  91.9040167941 
6399.86221691  91.9320025267 
6400.43089997  91.9599419838 
6400.99958304  91.9878352003 
6401.56826611  92.0156822112 
6402.13694917  92.0434830515 
6402.70563224  92.071237756 
6403.27431531  92.0989463597 
6403.84299838  92.1266088976 
6404.41168144  92.1542254045 
6404.98036451  92.1817959155 
6405.54904758  92.2093204654 
6406.11773064  92.2367990893 
6406.68641371  92.264231822 
6407.25509678  92.2916186985 
6407.82377985  92.3189597537 
6408.39246291  92.3462550226 
6408.96114598  92.3735045401 
6409.52982905  92.4007083412 
6410.09851211  92.4278664607 
6410.66719518  92.4549789337 
6411.23587825  92.4820457951 
6411.80456131  92.5090670798 
6412.37324438  92.5360428228 
6412.94192745  92.5629730589 
6413.51061052  92.5898578232 
6414.07929358  92.6166971506 
6414.64797665  92.643491076 
6415.21665972  92.6702396344 
6415.78534278  92.6969428606 
6416.35402585  92.7236007897 
6416.92270892  92.7502134566 
6417.49139199  92.7767808963 
6418.06007505  92.8033031436 
6418.62875812  92.8297802335 
6419.19744119  92.8562122009 
6419.76612425  92.8825990808 
6420.33480732  92.9089409082 
6420.90349039  92.935237718 
6421.47217345  92.961489545 
6422.04085652  92.9876964243 
6422.60953959  93.0138583909 
6423.17822266  93.0399754795 
6423.74690572  93.0660477252 
6424.31558879  93.092075163 
6424.88427186  93.1180578277 
6425.45295492  93.1439957543 
6426.02163799  93.1698889777 
6426.59032106  93.1957375329 
6427.15900413  93.2215414549 
6427.72768719  93.2473007785 
6428.29637026  93.2730155387 
6428.86505333  93.2986857705 
6429.43373639  93.3243115087 
6430.00241946  93.3498927884 
6430.57110253  93.3754296444 
6431.1397856  93.4009221118 
6431.70846866  93.4263702253 
6432.27715173  93.4517740201 
6432.8458348  93.4771335311 
6433.41451786  93.502448793 
6433.98320093  93.527719841 
6434.551884  93.55294671 
6435.12056706  93.5781294349 
6435.68925013  93.6032680505 
6436.2579332  93.628362592 
6436.82661627  93.6534130942 
6437.39529933  93.678419592 
6437.9639824  93.7033821205 
6438.53266547  93.7283007145 
6439.10134853  93.7531754089 
6439.6700316  93.7780062388 
6440.23871467  93.8027932391 
6440.80739774  93.8275364446 
6441.3760808  93.8522358904 
6441.94476387  93.8768916114 
6442.51344694  93.9015036425 
6443.08213  93.9260720187 
6443.65081307  93.9505967749 
6444.21949614  93.975077946 
6444.7881792  93.999515567 
6445.35686227  94.0239096729 
6445.92554534  94.0482602985 
6446.49422841  94.0725674788 
6447.06291147  94.0968312488 
6447.63159454  94.1210516434 
6448.20027761  94.1452286975 
6448.76896067  94.1693624461 
6449.33764374  94.1934529242 
6449.90632681  94.2175001665 
6450.47500988  94.2415042082 
6451.04369294  94.2654650841 
6451.61237601  94.2893828292 
6452.18105908  94.3132574784 
6452.74974214  94.3370890667 
6453.31842521  94.360877629 
6453.88710828  94.3846232002 
6454.45579134  94.4083258153 
6455.02447441  94.4319855093 
6455.59315748  94.455602317 
6456.16184055  94.4791762734 
6456.73052361  94.5027074135 
6457.29920668  94.5261957721 
6457.86788975  94.5496413843 
6458.43657281  94.573044285 
6459.00525588  94.596404509 
6459.57393895  94.6197220915 
6460.14262202  94.6429970672 
6460.71130508  94.6662294711 
6461.27998815  94.6894193383 
6461.84867122  94.7125667035 
6462.41735428  94.7356716018 
6462.98603735  94.7587340681 
6463.55472042  94.7817541374 
6464.12340348  94.8047318445 
6464.69208655  94.8276672244 
6465.26076962  94.8505603122 
6465.82945269  94.8734111426 
6466.39813575  94.8962197506 
6466.96681882  94.9189861713 
6467.53550189  94.9417104394 
6468.10418495  94.9643925901 
6468.67286802  94.9870326581 
6469.24155109  95.0096306785 
6469.81023416  95.0321866862 
6470.37891722  95.0547007161 
6470.94760029  95.0771728032 
6471.51628336  95.0996029824 
6472.08496642  95.1219912886 
6472.65364949  95.1443377569 
6473.22233256  95.166642422 
6473.79101562  95.1889053191 
6474.35969869  95.211126483 
6474.92838176  95.2333059486 
6475.49706483  95.2554437509 
6476.06574789  95.2775399249 
6476.63443096  95.2995945054 
6477.20311403  95.3216075275 
6477.77179709  95.343579026 
6478.34048016  95.365509036 
6478.90916323  95.3873975922 
6479.4778463  95.4092447298 
6480.04652936  95.4310504836 
6480.61521243  95.4528148886 
6481.1838955  95.4745379796 
6481.75257856  95.4962197917 
6482.32126163  95.5178603598 
6482.8899447  95.5394597189 
6483.45862777  95.5610179038 
6484.02731083  95.5825349495 
6484.5959939  95.6040108909 
6485.16467697  95.6254457631 
6485.73336003  95.6468396009 
6486.3020431  95.6681924393 
6486.87072617  95.6895043132 
6487.43940923  95.7107752575 
6488.0080923  95.7320053073 
6488.57677537  95.7531944973 
6489.14545844  95.7743428627 
6489.7141415  95.7954504383 
6490.28282457  95.816517259 
6490.85150764  95.8375433599 
6491.4201907  95.8585287758 
6491.98887377  95.8794735416 
6492.55755684  95.9003776924 
6493.12623991  95.9212412631 
6493.69492297  95.9420642886 
6494.26360604  95.9628468038 
6494.83228911  95.9835888437 
6495.40097217  96.0042904433 
6495.96965524  96.0249516374 
6496.53833831  96.045572461 
6497.10702137  96.0661529491 
6497.67570444  96.0866931366 
6498.24438751  96.1071930584 
6498.81307058  96.1276527495 
6499.38175364  96.1480722448 
6499.95043671  96.1684515792 
6500.51911978  96.1887907878 
6501.08780284  96.2090899054 
6501.65648591  96.2293489669 
6502.22516898  96.2495680074 
6502.79385205  96.2697470618 
6503.36253511  96.289886165 
6503.93121818  96.3099853519 
6504.49990125  96.3300446574 
6505.06858431  96.3500641167 
6505.63726738  96.3700437644 
6506.20595045  96.3899836357 
6506.77463351  96.4098837655 
6507.34331658  96.4297441886 
6507.91199965  96.44956494 
6508.48068272  96.4693460547 
6509.04936578  96.4890875677 
6509.61804885  96.5087895138 
6510.18673192  96.5284519279 
6510.75541498  96.5480748452 
6511.32409805  96.5676583004 
6511.89278112  96.5872023285 
6512.46146419  96.6067069644 
6513.03014725  96.6261722432 
6513.59883032  96.6455981997 
6514.16751339  96.6649848689 
6514.73619645  96.6843322857 
6515.30487952  96.703640485 
6515.87356259  96.7229095019 
6516.44224565  96.7421393712 
6517.01092872  96.7613301279 
6517.57961179  96.7804818069 
6518.14829486  96.7995944432 
6518.71697792  96.8186680717 
6519.28566099  96.8377027273 
6519.85434406  96.856698445 
6520.42302712  96.8756552598 
6520.99171019  96.8945732065 
6521.56039326  96.9134523201 
6522.12907633  96.9322926356 
6522.69775939  96.9510941879 
6523.26644246  96.9698570119 
6523.83512553  96.9885811426 
6524.40380859  97.0072666149 
6524.97249166  97.0259134638 
6525.54117473  97.0445217241 
6526.10985779  97.0630914309 
6526.67854086  97.0816226191 
6527.24722393  97.1001153236 
6527.815907  97.1185695794 
6528.38459006  97.1369854213 
6528.95327313  97.1553628844 
6529.5219562  97.1737020036 
6530.09063926  97.1920028138 
6530.65932233  97.21026535 
6531.2280054  97.2284896471 
6531.79668847  97.24667574 
6532.36537153  97.2648236637 
6532.9340546  97.2829334532 
6533.50273767  97.3010051433 
6534.07142073  97.319038769 
6534.6401038  97.3370343653 
6535.20878687  97.3549919671 
6535.77746993  97.3729116093 
6536.346153  97.3907933269 
6536.91483607  97.4086371548 
6537.48351914  97.4264431279 
6538.0522022  97.4442112813 
6538.62088527  97.4619416498 
6539.18956834  97.4796342683 
6539.7582514  97.4972891719 
6540.32693447  97.5149063955 
6540.89561754  97.5324859739 
6541.46430061  97.5500279422 
6542.03298367  97.5675323353 
6542.60166674  97.5849991881 
6543.17034981  97.6024285356 
6543.73903287  97.6198204127 
6544.30771594  97.6371748543 
6544.87639901  97.6544918954 
6545.44508208  97.6717715709 
6546.01376514  97.6890139158 
6546.58244821  97.706218965 
6547.15113128  97.7233867535 
6547.71981434  97.7405173162 
6548.28849741  97.757610688 
6548.85718048  97.7746669039 
6549.42586354  97.7916859987 
6549.99454661  97.8086680076 
6550.56322968  97.8256129653 
6551.13191275  97.8425209069 
6551.70059581  97.8593918673 
6552.26927888  97.8762258813 
6552.83796195  97.8930229841 
6553.40664501  97.9097832104 
6553.97532808  97.9265065953 
6554.54401115  97.9431931736 
6555.11269422  97.9598429804 
6555.68137728  97.9764560506 
6556.25006035  97.993032419 
6556.81874342  98.0095721208 
6557.38742648  98.0260751906 
6557.95610955  98.0425416637 
6558.52479262  98.0589715748 
6559.09347568  98.0753649589 
6559.66215875  98.0917218509 
6560.23084182  98.1080422859 
6560.79952489  98.1243262986 
6561.36820795  98.1405739242 
6561.93689102  98.1567851975 
6562.50557409  98.1729601534 
6563.07425715  98.1890988269 
6563.64294022  98.205201253 
6564.21162329  98.2212674665 
6564.78030636  98.2372975025 
6565.34898942  98.2532913958 
6565.91767249  98.2692491814 
6566.48635556  98.2851708942 
6567.05503862  98.3010565693 
6567.62372169  98.3169062415 
6568.19240476  98.3327199457 
6568.76108782  98.3484977169 
6569.32977089  98.3642395901 
6569.89845396  98.3799456002 
6570.46713703  98.3956157821 
6571.03582009  98.4112501708 
6571.60450316  98.4268488011 
6572.17318623  98.4424117082 
6572.74186929  98.4579389268 
6573.31055236  98.4734304919 
6573.87923543  98.4888864386 
6574.4479185  98.5043068016 
6575.01660156  98.519691616 
6575.58528463  98.5350409167 
6576.1539677  98.5503547386 
6576.72265076  98.5656331168 
6577.29133383  98.580876086 
6577.8600169  98.5960836813 
6578.42869996  98.6112559376 
6578.99738303  98.6263928898 
6579.5660661  98.6414945729 
6580.13474917  98.6565610219 
6580.70343223  98.6715922716 
6581.2721153  98.686588357 
6581.84079837  98.701549313 
6582.40948143  98.7164751747 
6582.9781645  98.7313659768 
6583.54684757  98.7462217545 
6584.11553064  98.7610425425 
6584.6842137  98.7758283759 
6585.25289677  98.7905792896 
6585.82157984  98.8052953186 
6586.3902629  98.8199764977 
6586.95894597  98.8346228619 
6587.52762904  98.8492344461 
6588.0963121  98.8638112854 
6588.66499517  98.8783534146 
6589.23367824  98.8928608687 
6589.80236131  98.9073336826 
6590.37104437  98.9217718912 
6590.93972744  98.9361755296 
6591.50841051  98.9505446326 
6592.07709357  98.9648792352 
6592.64577664  98.9791793723 
6593.21445971  98.9934450789 
6593.78314278  99.0076763899 
6594.35182584  99.0218733402 
6594.92050891  99.0360359648 
6595.48919198  99.0501642986 
6596.05787504  99.0642583766 
6596.62655811  99.0783182337 
6597.19524118  99.0923439049 
6597.76392424  99.1063354251 
6598.33260731  99.1202928292 
6598.90129038  99.1342161521 
6599.46997345  99.1481054289 
6600.03865651  99.1619606944 
6600.60733958  99.1757819837 
6601.17602265  99.1895693315 
6601.74470571  99.203322773 
6602.31338878  99.2170423429 
6602.88207185  99.2307280764 
6603.45075492  99.2443800082 
6604.01943798  99.2579981733 
6604.58812105  99.2715826068 
6605.15680412  99.2851333435 
6605.72548718  99.2986504183 
6606.29417025  99.3121338662 
6606.86285332  99.3255837222 
6607.43153639  99.3390000212 
6608.00021945  99.3523827981 
6608.56890252  99.3657320878 
6609.13758559  99.3790479254 
6609.70626865  99.3923303457 
6610.27495172  99.4055793838 
6610.84363479  99.4187950744 
6611.41231785  99.4319774526 
6611.98100092  99.4451265534 
6612.54968399  99.4582424116 
6613.11836706  99.4713250621 
6613.68705012  99.4843745401 
6614.25573319  99.4973908803 
6614.82441626  99.5103741177 
6615.39309932  99.5233242873 
6615.96178239  99.5362414239 
6616.53046546  99.5491255627 
6617.09914853  99.5619767384 
6617.66783159  99.574794986 
6618.23651466  99.5875803405 
6618.80519773  99.6003328368 
6619.37388079  99.6130525098 
6619.94256386  99.6257393945 
6620.51124693  99.6383935259 
6621.07992999  99.6510149388 
6621.64861306  99.6636036682 
6622.21729613  99.6761597491 
6622.7859792  99.6886832164 
6623.35466226  99.701174105 
6623.92334533  99.7136324499 
6624.4920284  99.7260582859 
6625.06071146  99.7384516482 
6625.62939453  99.7508125715 
6626.1980776  99.7631410909 
6626.76676067  99.7754372412 
6627.33544373  99.7877010575 
6627.9041268  99.7999325746 
6628.47280987  99.8121318276 
6629.04149293  99.8242988512 
6629.610176  99.8364336806 
6630.17885907  99.8485363506 
6630.74754213  99.8606068961 
6631.3162252  99.8726453521 
6631.88490827  99.8846517536 
6632.45359134  99.8966261355 
6633.0222744  99.9085685327 
6633.59095747  99.9204789802 
6634.15964054  99.9323575128 
6634.7283236  99.9442041657 
6635.29700667  99.9560189736 
6635.86568974  99.9678019715 
6636.43437281  99.9795531945 
6637.00305587  99.9912726773 
6637.57173894  100.002960455 
6638.14042201  100.014616562 
6638.70910507  100.026241035 
6639.27778814  100.037833907 
6639.84647121  100.049395213 
6640.41515427  100.060924989 
6640.98383734  100.07242327 
6641.55252041  100.08389009 
6642.12120348  100.095325484 
6642.68988654  100.106729488 
6643.25856961  100.118102136 
6643.82725268  100.129443463 
6644.39593574  100.140753504 
6644.96461881  100.152032295 
6645.53330188  100.163279869 
6646.10198495  100.174496263 
6646.67066801  100.18568151 
6647.23935108  100.196835646 
6647.80803415  100.207958706 
6648.37671721  100.219050725 
6648.94540028  100.230111737 
6649.51408335  100.241141778 
6650.08276641  100.252140883 
6650.65144948  100.263109086 
6651.22013255  100.274046422 
6651.78881562  100.284952927 
6652.35749868  100.295828635 
6652.92618175  100.306673582 
6653.49486482  100.317487801 
6654.06354788  100.328271329 
6654.63223095  100.3390242 
6655.20091402  100.349746449 
6655.76959709  100.36043811 
6656.33828015  100.37109922 
6656.90696322  100.381729813 
6657.47564629  100.392329923 
6658.04432935  100.402899586 
6658.61301242  100.413438837 
6659.18169549  100.42394771 
6659.75037856  100.434426241 
6660.31906162  100.444874464 
6660.88774469  100.455292415 
6661.45642776  100.465680129 
6662.02511082  100.476037639 
6662.59379389  100.486364982 
6663.16247696  100.496662192 
6663.73116002  100.506929304 
6664.29984309  100.517166353 
6664.86852616  100.527373374 
6665.43720923  100.537550402 
6666.00589229  100.547697472 
6666.57457536  100.557814619 
6667.14325843  100.567901878 
6667.71194149  100.577959283 
6668.28062456  100.58798687 
6668.84930763  100.597984674 
6669.4179907  100.607952729 
6669.98667376  100.617891071 
6670.55535683  100.627799734 
6671.1240399  100.637678753 
6671.69272296  100.647528164 
6672.26140603  100.657348001 
6672.8300891  100.6671383 
6673.39877216  100.676899094 
6673.96745523  100.686630419 
6674.5361383  100.696332311 
6675.10482137  100.706004803 
6675.67350443  100.715647931 
6676.2421875  100.725261731 
6676.81087057  100.734846235 
6677.37955363  100.744401481 
6677.9482367  100.753927502 
6678.51691977  100.763424334 
6679.08560284  100.772892012 
6679.6542859  100.782330569 
6680.22296897  100.791740043 
6680.79165204  100.801120466 
6681.3603351  100.810471875 
6681.92901817  100.819794305 
6682.49770124  100.829087789 
6683.0663843  100.838352364 
6683.63506737  100.847588063 
6684.20375044  100.856794923 
6684.77243351  100.865972977 
6685.34111657  100.875122262 
6685.90979964  100.884242811 
6686.47848271  100.89333466 
6687.04716577  100.902397844 
6687.61584884  100.911432397 
6688.18453191  100.920438355 
6688.75321498  100.929415753 
6689.32189804  100.938364625 
6689.89058111  100.947285006 
6690.45926418  100.956176932 
6691.02794724  100.965040437 
6691.59663031  100.973875557 
6692.16531338  100.982682325 
6692.73399644  100.991460778 
6693.30267951  101.000210949 
6693.87136258  101.008932875 
6694.44004565  101.01762659 
6695.00872871  101.026292128 
6695.57741178  101.034929526 
6696.14609485  101.043538817 
6696.71477791  101.052120037 
6697.28346098  101.06067322 
6697.85214405  101.069198402 
6698.42082712  101.077695618 
6698.98951018  101.086164902 
6699.55819325  101.094606289 
6700.12687632  101.103019815 
6700.69555938  101.111405514 
6701.26424245  101.119763421 
6701.83292552  101.128093572 
6702.40160858  101.136396001 
6702.97029165  101.144670742 
6703.53897472  101.152917832 
6704.10765779  101.161137305 
6704.67634085  101.169329195 
6705.24502392  101.177493539 
6705.81370699  101.18563037 
6706.38239005  101.193739724 
6706.95107312  101.201821635 
6707.51975619  101.209876139 
6708.08843926  101.217903271 
6708.65712232  101.225903065 
6709.22580539  101.233875556 
6709.79448846  101.24182078 
6710.36317152  101.249738771 
6710.93185459  101.257629564 
6711.50053766  101.265493195 
6712.06922072  101.273329697 
6712.63790379  101.281139107 
6713.20658686  101.288921459 
6713.77526993  101.296676787 
6714.34395299  101.304405128 
6714.91263606  101.312106515 
6715.48131913  101.319780984 
6716.05000219  101.32742857 
6716.61868526  101.335049307 
6717.18736833  101.342643231 
6717.7560514  101.350210376 
6718.32473446  101.357750778 
6718.89341753  101.365264471 
6719.4621006  101.372751491 
6720.03078366  101.380211872 
6720.59946673  101.387645649 
6721.1681498  101.395052858 
6721.73683287  101.402433532 
6722.30551593  101.409787708 
6722.874199  101.417115419 
6723.44288207  101.424416701 
6724.01156513  101.43169159 
6724.5802482  101.438940119 
6725.14893127  101.446162324 
6725.71761433  101.453358239 
6726.2862974  101.4605279 
6726.85498047  101.467671342 
6727.42366354  101.474788599 
6727.9923466  101.481879707 
6728.56102967  101.4889447 
6729.12971274  101.495983614 
6729.6983958  101.502996482 
6730.26707887  101.509983341 
6730.83576194  101.516944225 
6731.40444501  101.52387917 
6731.97312807  101.530788209 
6732.54181114  101.537671378 
6733.11049421  101.544528712 
6733.67917727  101.551360246 
6734.24786034  101.558166015 
6734.81654341  101.564946054 
6735.38522647  101.571700397 
6735.95390954  101.57842908 
6736.52259261  101.585132137 
6737.09127568  101.591809604 
6737.65995874  101.598461516 
6738.22864181  101.605087907 
6738.79732488  101.611688812 
6739.36600794  101.618264266 
6739.93469101  101.624814305 
6740.50337408  101.631338963 
6741.07205715  101.637838275 
6741.64074021  101.644312276 
6742.20942328  101.650761001 
6742.77810635  101.657184484 
6743.34678941  101.663582762 
6743.91547248  101.669955869 
6744.48415555  101.676303839 
6745.05283861  101.682626708 
6745.62152168  101.68892451 
6746.19020475  101.695197282 
6746.75888782  101.701445056 
6747.32757088  101.707667869 
6747.89625395  101.713865756 
6748.46493702  101.720038751 
6749.03362008  101.726186889 
6749.60230315  101.732310205 
6750.17098622  101.738408734 
6750.73966929  101.744482512 
6751.30835235  101.750531572 
6751.87703542  101.756555951 
6752.44571849  101.762555682 
6753.01440155  101.768530802 
6753.58308462  101.774481344 
6754.15176769  101.780407344 
6754.72045075  101.786308836 
6755.28913382  101.792185856 
6755.85781689  101.798038439 
6756.42649996  101.803866619 
6756.99518302  101.809670432 
6757.56386609  101.815449912 
6758.13254916  101.821205094 
6758.70123222  101.826936014 
6759.26991529  101.832642706 
6759.83859836  101.838325205 
6760.40728143  101.843983546 
6760.97596449  101.849617764 
6761.54464756  101.855227894 
6762.11333063  101.860813971 
6762.68201369  101.86637603 
6763.25069676  101.871914105 
6763.81937983  101.877428233 
6764.38806289  101.882918447 
6764.95674596  101.888384782 
6765.52542903  101.893827275 
6766.0941121  101.899245958 
6766.66279516  101.904640868 
6767.23147823  101.91001204 
6767.8001613  101.915359508 
6768.36884436  101.920683307 
6768.93752743  101.925983472 
6769.5062105  101.931260038 
6770.07489357  101.936513041 
6770.64357663  101.941742515 
6771.2122597  101.946948494 
6771.78094277  101.952131014 
6772.34962583  101.957290111 
6772.9183089  101.962425818 
6773.48699197  101.967538171 
6774.05567504  101.972627204 
6774.6243581  101.977692953 
6775.19304117  101.982735453 
6775.76172424  101.987754738 
6776.3304073  101.992750843 
6776.89909037  101.997723804 
6777.46777344  102.002673655 
6778.0364565  102.007600432 
6778.60513957  102.012504168 
6779.17382264  102.0173849 
6779.74250571  102.022242662 
6780.31118877  102.027077489 
6780.87987184  102.031889416 
6781.44855491  102.036678478 
6782.01723797  102.041444709 
6782.58592104  102.046188146 
6783.15460411  102.050908822 
6783.72328718  102.055606773 
6784.29197024  102.060282033 
6784.86065331  102.064934638 
6785.42933638  102.069564622 
6785.99801944  102.074172021 
6786.56670251  102.078756869 
6787.13538558  102.083319202 
6787.70406864  102.087859054 
6788.27275171  102.09237646 
6788.84143478  102.096871455 
6789.41011785  102.101344074 
6789.97880091  102.105794352 
6790.54748398  102.110222324 
6791.11616705  102.114628025 
6791.68485011  102.11901149 
6792.25353318  102.123372754 
6792.82221625  102.127711851 
6793.39089932  102.132028817 
6793.95958238  102.136323687 
6794.52826545  102.140596495 
6795.09694852  102.144847277 
6795.66563158  102.149076067 
6796.23431465  102.1532829 
6796.80299772  102.157467812 
6797.37168078  102.161630837 
6797.94036385  102.16577201 
6798.50904692  102.169891367 
6799.07772999  102.173988941 
6799.64641305  102.178064768 
6800.21509612  102.182118884 
6800.78377919  102.186151322 
6801.35246225  102.190162118 
6801.92114532  102.194151307 
6802.48982839  102.198118923 
6803.05851146  102.202065003 
6803.62719452  102.205989579 
6804.19587759  102.209892689 
6804.76456066  102.213774366 
6805.33324372  102.217634645 
6805.90192679  102.221473561 
6806.47060986  102.22529115 
6807.03929292  102.229087446 
6807.60797599  102.232862485 
6808.17665906  102.2366163 
6808.74534213  102.240348928 
6809.31402519  102.244060402 
6809.88270826  102.247750759 
6810.45139133  102.251420032 
6811.02007439  102.255068257 
6811.58875746  102.258695469 
6812.15744053  102.262301703 
6812.7261236  102.265886993 
6813.29480666  102.269451375 
6813.86348973  102.272994883 
6814.4321728  102.276517553 
6815.00085586  102.28001942 
6815.56953893  102.283500517 
6816.138222  102.286960881 
6816.70690506  102.290400547 
6817.27558813  102.293819548 
6817.8442712  102.29721792 
6818.41295427  102.300595699 
6818.98163733  102.303952919 
6819.5503204  102.307289614 
6820.11900347  102.31060582 
6820.68768653  102.313901573 
6821.2563696  102.317176906 
6821.82505267  102.320431854 
6822.39373574  102.323666454 
6822.9624188  102.326880739 
6823.53110187  102.330074744 
6824.09978494  102.333248505 
6824.668468  102.336402056 
6825.23715107  102.339535433 
6825.80583414  102.34264867 
6826.3745172  102.345741802 
6826.94320027  102.348814864 
6827.51188334  102.351867892 
6828.08056641  102.354900919 
6828.64924947  102.357913982 
6829.21793254  102.360907114 
6829.78661561  102.363880352 
6830.35529867  102.366833729 
6830.92398174  102.369767281 
6831.49266481  102.372681042 
6832.06134788  102.375575049 
6832.63003094  102.378449334 
6833.19871401  102.381303935 
6833.76739708  102.384138885 
6834.33608014  102.386954219 
6834.90476321  102.389749972 
6835.47344628  102.39252618 
6836.04212935  102.395282877 
6836.61081241  102.398020099 
6837.17949548  102.400737879 
6837.74817855  102.403436253 
6838.31686161  102.406115257 
6838.88554468  102.408774924 
6839.45422775  102.41141529 
6840.02291081  102.41403639 
6840.59159388  102.416638259 
6841.16027695  102.419220932 
6841.72896002  102.421784443 
6842.29764308  102.424328827 
6842.86632615  102.426854121 
6843.43500922  102.429360357 
6844.00369228  102.431847572 
6844.57237535  102.434315801 
6845.14105842  102.436765077 
6845.70974149  102.439195437 
6846.27842455  102.441606915 
6846.84710762  102.443999547 
6847.41579069  102.446373366 
6847.98447375  102.448728408 
6848.55315682  102.451064708 
6849.12183989  102.453382301 
6849.69052295  102.455681222 
6850.25920602  102.457961506 
6850.82788909  102.460223187 
6851.39657216  102.462466301 
6851.96525522  102.464690882 
6852.53393829  102.466896966 
6853.10262136  102.469084588 
6853.67130442  102.471253781 
6854.23998749  102.473404583 
6854.80867056  102.475537026 
6855.37735363  102.477651147 
6855.94603669  102.479746979 
6856.51471976  102.481824559 
6857.08340283  102.483883921 
6857.65208589  102.4859251 
6858.22076896  102.487948131 
6858.78945203  102.489953049 
6859.35813509  102.491939888 
6859.92681816  102.493908685 
6860.49550123  102.495859472 
6861.0641843  102.497792287 
6861.63286736  102.499707163 
6862.20155043  102.501604136 
6862.7702335  102.50348324 
6863.33891656  102.50534451 
6863.90759963  102.507187982 
6864.4762827  102.50901369 
6865.04496577  102.51082167 
6865.61364883  102.512611955 
6866.1823319  102.514384582 
6866.75101497  102.516139584 
6867.31969803  102.517876998 
6867.8883811  102.519596857 
6868.45706417  102.521299198 
6869.02574723  102.522984054 
6869.5944303  102.524651461 
6870.16311337  102.526301453 
6870.73179644  102.527934066 
6871.3004795  102.529549335 
6871.86916257  102.531147294 
6872.43784564  102.532727979 
6873.0065287  102.534291424 
6873.57521177  102.535837665 
6874.14389484  102.537366735 
6874.71257791  102.538878671 
6875.28126097  102.540373507 
6875.84994404  102.541851278 
6876.41862711  102.543312019 
6876.98731017  102.544755766 
6877.55599324  102.546182552 
6878.12467631  102.547592413 
6878.69335937  102.548985383 
6879.26204244  102.550361499 
6879.83072551  102.551720794 
6880.39940858  102.553063303 
6880.96809164  102.554389063 
6881.53677471  102.555698106 
6882.10545778  102.55699047 
6882.67414084  102.558266187 
6883.24282391  102.559525294 
6883.81150698  102.560767825 
6884.38019005  102.561993816 
6884.94887311  102.5632033 
6885.51755618  102.564396314 
6886.08623925  102.565572892 
6886.65492231  102.566733068 
6887.22360538  102.567876879 
6887.79228845  102.569004358 
6888.36097152  102.570115541 
6888.92965458  102.571210463 
6889.49833765  102.572289159 
6890.06702072  102.573351663 
6890.63570378  102.57439801 
6891.20438685  102.575428237 
6891.77306992  102.576442376 
6892.34175298  102.577440464 
6892.91043605  102.578422536 
6893.47911912  102.579388625 
6894.04780219  102.580338768 
6894.61648525  102.581272999 
6895.18516832  102.582191353 
6895.75385139  102.583093865 
6896.32253445  102.58398057 
6896.89121752  102.584851503 
6897.45990059  102.585706699 
6898.02858366  102.586546192 
6898.59726672  102.587370018 
6899.16594979  102.588178212 
6899.73463286  102.588970809 
6900.30331592  102.589747843 
6900.87199899  102.59050935 
6901.44068206  102.591255364 
6902.00936512  102.59198592 
6902.57804819  102.592701054 
6903.14673126  102.5934008 
6903.71541433  102.594085193 
6904.28409739  102.594754268 
6904.85278046  102.59540806 
6905.42146353  102.596046605 
6905.99014659  102.596669936 
6906.55882966  102.597278089 
6907.12751273  102.597871099 
6907.6961958  102.598449001 
6908.26487886  102.59901183 
6908.83356193  102.59955962 
6909.402245  102.600092407 
6909.97092806  102.600610225 
6910.53961113  102.60111311 
6911.1082942  102.601601096 
6911.67697726  102.602074219 
6912.24566033  102.602532513 
6912.8143434  102.602976013 
6913.38302647  102.603404754 
6913.95170953  102.603818772 
6914.5203926  102.6042181 
6915.08907567  102.604602775 
6915.65775873  102.604972831 
6916.2264418  102.605328302 
6916.79512487  102.605669224 
6917.36380794  102.605995632 
6917.932491  102.606307561 
6918.50117407  102.606605046 
6919.06985714  102.606888121 
6919.6385402  102.607156821 
6920.20722327  102.607411182 
6920.77590634  102.607651239 
6921.3445894  102.607877026 
6921.91327247  102.608088578 
6922.48195554  102.60828593 
6923.05063861  102.608469118 
6923.61932167  102.608638175 
6924.18800474  102.608793138 
6924.75668781  102.608934041 
6925.32537087  102.609060918 
6925.89405394  102.609173806 
6926.46273701  102.609272738 
6927.03142008  102.609357751 
6927.60010314  102.609428878 
6928.16878621  102.609486154 
6928.73746928  102.609529615 
6929.30615234  102.609559296 
6929.87483541  102.609575231 
6930.44351848  102.609577456 
6931.01220154  102.609566005 
6931.58088461  102.609540913 
6932.14956768  102.609502215 
6932.71825075  102.609449947 
6933.28693381  102.609384143 
6933.85561688  102.609304838 
6934.42429995  102.609212066 
6934.99298301  102.609105864 
6935.56166608  102.608986266 
6936.13034915  102.608853306 
6936.69903222  102.608707021 
6937.26771528  102.608547444 
6937.83639835  102.60837461 
6938.40508142  102.608188555 
6938.97376448  102.607989314 
6939.54244755  102.607776921 
6940.11113062  102.607551412 
6940.67981368  102.607312821 
6941.24849675  102.607061183 
6941.81717982  102.606796534 
6942.38586289  102.606518907 
6942.95454595  102.606228339 
6943.52322902  102.605924864 
6944.09191209  102.605608517 
6944.66059515  102.605279333 
6945.22927822  102.604937346 
6945.79796129  102.604582593 
6946.36664436  102.604215107 
6946.93532742  102.603834924 
6947.50401049  102.603442078 
6948.07269356  102.603036606 
6948.64137662  102.60261854 
6949.21005969  102.602187917 
6949.77874276  102.601744772 
6950.34742583  102.601289139 
6950.91610889  102.600821053 
6951.48479196  102.600340549 
6952.05347503  102.599847663 
6952.62215809  102.599342429 
6953.19084116  102.598824882 
6953.75952423  102.598295056 
6954.32820729  102.597752988 
6954.89689036  102.597198712 
6955.46557343  102.596632262 
6956.0342565  102.596053674 
6956.60293956  102.595462983 
6957.17162263  102.594860223 
6957.7403057  102.59424543 
6958.30898876  102.593618639 
6958.87767183  102.592979884 
6959.4463549  102.5923292 
6960.01503797  102.591666623 
6960.58372103  102.590992187 
6961.1524041  102.590305928 
6961.72108717  102.589607879 
6962.28977023  102.588898076 
6962.8584533  102.588176555 
6963.42713637  102.58744335 
6963.99581943  102.586698495 
6964.5645025  102.585942027 
6965.13318557  102.585173979 
6965.70186864  102.584394387 
6966.2705517  102.583603285 
6966.83923477  102.58280071 
6967.40791784  102.581986694 
6967.9766009  102.581161275 
6968.54528397  102.580324486 
6969.11396704  102.579476362 
6969.68265011  102.578616938 
6970.25133317  102.57774625 
6970.82001624  102.576864332 
6971.38869931  102.57597122 
6971.95738237  102.575066947 
6972.52606544  102.574151549 
6973.09474851  102.573225062 
6973.66343157  102.572287519 
6974.23211464  102.571338956 
6974.80079771  102.570379408 
6975.36948078  102.56940891 
6975.93816384  102.568427496 
6976.50684691  102.567435202 
6977.07552998  102.566432063 
6977.64421304  102.565418113 
6978.21289611  102.564393387 
6978.78157918  102.563357921 
6979.35026225  102.562311749 
6979.91894531  102.561254907 
6980.48762838  102.560187429 
6981.05631145  102.559109349 
6981.62499451  102.558020704 
6982.19367758  102.556921529 
6982.76236065  102.555811857 
6983.33104371  102.554691723 
6983.89972678  102.553561164 
6984.46840985  102.552420214 
6985.03709292  102.551268907 
6985.60577598  102.550107279 
6986.17445905  102.548935365 
6986.74314212  102.547753199 
6987.31182518  102.546560817 
6987.88050825  102.545358253 
6988.44919132  102.544145542 
6989.01787439  102.54292272 
6989.58655745  102.541689822 
6990.15524052  102.540446881 
6990.72392359  102.539193933 
6991.29260665  102.537931014 
6991.86128972  102.536658158 
6992.42997279  102.535375399 
6992.99865585  102.534082774 
6993.56733892  102.532780316 
6994.13602199  102.531468061 
6994.70470506  102.530146044 
6995.27338812  102.5288143 
6995.84207119  102.527472863 
6996.41075426  102.526121769 
6996.97943732  102.524761052 
6997.54812039  102.523390748 
6998.11680346  102.522010891 
6998.68548653  102.520621516 
6999.25416959  102.519222659 
6999.82285266  102.517814354 
7000.39153573  102.516396636 
7000.96021879  102.51496954 
7001.52890186  102.513533101 
7002.09758493  102.512087354 
7002.66626799  102.510632334 
7003.23495106  102.509168076 
7003.80363413  102.507694615 
7004.3723172  102.506211985 
7004.94100026  102.504720222 
7005.50968333  102.503219361 
7006.0783664  102.501709436 
7006.64704946  102.500190483 
7007.21573253  102.498662536 
7007.7844156  102.497125631 
7008.35309867  102.495579802 
7008.92178173  102.494025084 
7009.4904648  102.492461512 
7010.05914787  102.490889122 
7010.62783093  102.489307947 
7011.196514  102.487718024 
7011.76519707  102.486119386 
7012.33388014  102.48451207 
7012.9025632  102.482896109 
7013.47124627  102.481271539 
7014.03992934  102.479638395 
7014.6086124  102.477996712 
7015.17729547  102.476346524 
7015.74597854  102.474687866 
7016.3146616  102.473020774 
7016.88334467  102.471345283 
7017.45202774  102.469661427 
7018.02071081  102.467969241 
7018.58939387  102.466268761 
7019.15807694  102.46456002 
7019.72676001  102.462843055 
7020.29544307  102.4611179 
7020.86412614  102.45938459 
7021.43280921  102.45764316 
7022.00149228  102.455893645 
7022.57017534  102.454136079 
7023.13885841  102.452370499 
7023.70754148  102.450596938 
7024.27622454  102.448815432 
7024.84490761  102.447026015 
7025.41359068  102.445228723 
7025.98227374  102.443423591 
7026.55095681  102.441610653 
7027.11963988  102.439789944 
7027.68832295  102.437961499 
7028.25700601  102.436125354 
7028.82568908  102.434281543 
7029.39437215  102.432430101 
7029.96305521  102.430571064 
7030.53173828  102.428704465 
7031.10042135  102.42683034 
7031.66910442  102.424948724 
7032.23778748  102.423059652 
7032.80647055  102.421163159 
7033.37515362  102.419259279 
7033.94383668  102.417348048 
7034.51251975  102.415429501 
7035.08120282  102.413503672 
7035.64988588  102.411570597 
7036.21856895  102.40963031 
7036.78725202  102.407682846 
7037.35593509  102.405728241 
7037.92461815  102.403766529 
7038.49330122  102.401797745 
7039.06198429  102.399821925 
7039.63066735  102.397839102 
7040.19935042  102.395849312 
7040.76803349  102.393852591 
7041.33671656  102.391848972 
7041.90539962  102.389838491 
7042.47408269  102.387821183 
7043.04276576  102.385797083 
7043.61144882  102.383766225 
7044.18013189  102.381728645 
7044.74881496  102.379684377 
7045.31749802  102.377633457 
7045.88618109  102.375575919 
7046.45486416  102.373511799 
7047.02354723  102.371441131 
7047.59223029  102.36936395 
7048.16091336  102.367280291 
7048.72959643  102.365190189 
7049.29827949  102.36309368 
7049.86696256  102.360990798 
7050.43564563  102.358881577 
7051.0043287  102.356766053 
7051.57301176  102.354644262 
7052.14169483  102.352516237 
7052.7103779  102.350382013 
7053.27906096  102.348241626 
7053.84774403  102.346095111 
7054.4164271  102.343942503 
7054.98511016  102.341783836 
7055.55379323  102.339619145 
7056.1224763  102.337448466 
7056.69115937  102.335271833 
7057.25984243  102.333089281 
7057.8285255  102.330900845 
7058.39720857  102.328706561 
7058.96589163  102.326506462 
7059.5345747  102.324300585 
7060.10325777  102.322088963 
7060.67194084  102.319871633 
7061.2406239  102.317648628 
7061.80930697  102.315419984 
7062.37799004  102.313185736 
7062.9466731  102.310945918 
7063.51535617  102.308700566 
7064.08403924  102.306449714 
7064.65272231  102.304193398 
7065.22140537  102.301931652 
7065.79008844  102.299664512 
7066.35877151  102.297392012 
7066.92745457  102.295114187 
7067.49613764  102.292831073 
7068.06482071  102.290542703 
7068.63350377  102.288249114 
7069.20218684  102.285950339 
7069.77086991  102.283646415 
7070.33955298  102.281337375 
7070.90823604  102.279023255 
7071.47691911  102.27670409 
7072.04560218  102.274379914 
7072.61428524  102.272050764 
7073.18296831  102.269716673 
7073.75165138  102.267377676 
7074.32033445  102.265033809 
7074.88901751  102.262685106 
7075.45770058  102.260331602 
7076.02638365  102.257973333 
7076.59506671  102.255610333 
7077.16374978  102.253242638 
7077.73243285  102.250870281 
7078.30111591  102.248493298 
7078.86979898  102.246111725 
7079.43848205  102.243725595 
7080.00716512  102.241334944 
7080.57584818  102.238939807 
7081.14453125  102.236540219 
7081.71321432  102.234136214 
7082.28189738  102.231727828 
7082.85058045  102.229315096 
7083.41926352  102.226898052 
7083.98794659  102.224476732 
7084.55662965  102.22205117 
7085.12531272  102.219621401 
7085.69399579  102.217187461 
7086.26267885  102.214749384 
7086.83136192  102.212307205 
7087.40004499  102.209860959 
7087.96872805  102.207410681 
7088.53741112  102.204956406 
7089.10609419  102.20249817 
7089.67477726  102.200036006 
7090.24346032  102.197569949 
7090.81214339  102.195100036 
7091.38082646  102.1926263 
7091.94950952  102.190148777 
7092.51819259  102.187667501 
7093.08687566  102.185182508 
7093.65555873  102.182693833 
7094.22424179  102.180201509 
7094.79292486  102.177705573 
7095.36160793  102.17520606 
7095.93029099  102.172703003 
7096.49897406  102.170196439 
7097.06765713  102.167686402 
7097.63634019  102.165172927 
7098.20502326  102.162656049 
7098.77370633  102.160135803 
7099.3423894  102.157612223 
7099.91107246  102.155085346 
7100.47975553  102.152555205 
7101.0484386  102.150021836 
7101.61712166  102.147485273 
7102.18580473  102.144945553 
7102.7544878  102.142402708 
7103.32317087  102.139856775 
7103.89185393  102.137307789 
7104.460537  102.134755783 
7105.02922007  102.132200794 
7105.59790313  102.129642857 
7106.1665862  102.127082005 
7106.73526927  102.124518275 
7107.30395233  102.1219517 
7107.8726354  102.119382317 
7108.44131847  102.116810159 
7109.01000154  102.114235262 
7109.5786846  102.111657661 
7110.14736767  102.109077391 
7110.71605074  102.106494487 
7111.2847338  102.103908983 
7111.85341687  102.101320915 
7112.42209994  102.098730317 
7112.99078301  102.096137224 
7113.55946607  102.093541672 
7114.12814914  102.090943696 
7114.69683221  102.088343329 
7115.26551527  102.085740608 
7115.83419834  102.083135567 
7116.40288141  102.080528241 
7116.97156447  102.077918665 
7117.54024754  102.075306874 
7118.10893061  102.072692903 
7118.67761368  102.070076787 
7119.24629674  102.067458561 
7119.81497981  102.064838259 
7120.38366288  102.062215917 
7120.95234594  102.05959157 
7121.52102901  102.056965252 
7122.08971208  102.054336999 
7122.65839515  102.051706845 
7123.22707821  102.049074825 
7123.79576128  102.046440975 
7124.36444435  102.043805329 
7124.93312741  102.041167923 
7125.50181048  102.03852879 
7126.07049355  102.035887966 
7126.63917662  102.033245487 
7127.20785968  102.030601387 
7127.77654275  102.0279557 
7128.34522582  102.025308462 
7128.91390888  102.022659708 
7129.48259195  102.020009473 
7130.05127502  102.017357792 
7130.61995808  102.014704699 
7131.18864115  102.012050229 
7131.75732422  102.009394418 
7132.32600729  102.006737301 
7132.89469035  102.004078912 
7133.46337342  102.001419286 
7134.03205649  101.998758459 
7134.60073955  101.996096464 
7135.16942262  101.993433338 
7135.73810569  101.990769115 
7136.30678876  101.98810383 
7136.87547182  101.985437518 
7137.44415489  101.982770214 
7138.01283796  101.980101953 
7138.58152102  101.977432769 
7139.15020409  101.974762698 
7139.71888716  101.972091775 
7140.28757022  101.969420034 
7140.85625329  101.966747511 
7141.42493636  101.964074241 
7141.99361943  101.961400258 
7142.56230249  101.958725597 
7143.13098556  101.956050294 
7143.69966863  101.953374382 
7144.26835169  101.950697898 
7144.83703476  101.948020877 
7145.40571783  101.945343352 
7145.9744009  101.942665359 
7146.54308396  101.939986933 
7147.11176703  101.937308109 
7147.6804501  101.934628922 
7148.24913316  101.931949407 
7148.81781623  101.929269599 
7149.3864993  101.926589532 
7149.95518236  101.923909241 
7150.52386543  101.921228763 
7151.0925485  101.91854813 
7151.66123157  101.91586738 
7152.22991463  101.913186545 
7152.7985977  101.910505662 
7153.36728077  101.907824765 
7153.93596383  101.905143889 
7154.5046469  101.90246307 
7155.07332997  101.899782341 
7155.64201304  101.897101739 
7156.2106961  101.894421297 
7156.77937917  101.891741051 
7157.34806224  101.889061037 
7157.9167453  101.886381288 
7158.48542837  101.883701839 
7159.05411144  101.881022727 
7159.6227945  101.878343984 
7160.19147757  101.875665648 
7160.76016064  101.872987752 
7161.32884371  101.870310331 
7161.89752677  101.867633421 
7162.46620984  101.864957056 
7163.03489291  101.862281271 
7163.60357597  101.859606102 
7164.17225904  101.856931582 
7164.74094211  101.854257748 
7165.30962518  101.851584633 
7165.87830824  101.848912274 
7166.44699131  101.846240704 
7167.01567438  101.84356996 
7167.58435744  101.840900075 
7168.15304051  101.838231085 
7168.72172358  101.835563024 
7169.29040664  101.832895928 
7169.85908971  101.830229832 
7170.42777278  101.82756477 
7170.99645585  101.824900777 
7171.56513891  101.822237889 
7172.13382198  101.81957614 
7172.70250505  101.816915565 
7173.27118811  101.8142562 
7173.83987118  101.811598079 
7174.40855425  101.808941236 
7174.97723732  101.806285708 
7175.54592038  101.803631529 
7176.11460345  101.800978733 
7176.68328652  101.798327356 
7177.25196958  101.795677434 
7177.82065265  101.793028999 
7178.38933572  101.790382089 
7178.95801879  101.787736737 
7179.52670185  101.785092979 
7180.09538492  101.782450849 
7180.66406799  101.779810382 
7181.23275105  101.777171614 
7181.80143412  101.774534579 
7182.37011719  101.771899312 
7182.93880025  101.769265849 
7183.50748332  101.766634224 
7184.07616639  101.764004471 
7184.64484946  101.761376627 
7185.21353252  101.758750726 
7185.78221559  101.756126802 
7186.35089866  101.753504891 
7186.91958172  101.750885028 
7187.48826479  101.748267248 
7188.05694786  101.745651586 
7188.62563093  101.743038076 
7189.19431399  101.740426753 
7189.76299706  101.737817653 
7190.33168013  101.735210811 
7190.90036319  101.73260626 
7191.46904626  101.730004037 
7192.03772933  101.727404177 
7192.60641239  101.724806713 
7193.17509546  101.722211682 
7193.74377853  101.719619117 
7194.3124616  101.717029055 
7194.88114466  101.714441529 
7195.44982773  101.711856576 
7196.0185108  101.709274229 
7196.58719386  101.706694524 
7197.15587693  101.704117496 
7197.72456  101.701543179 
7198.29324307  101.698971609 
7198.86192613  101.69640282 
7199.4306092  101.693836848 
7199.99929227  101.691273727 
7200.56797533  101.688713493 
7201.1366584  101.68615618 
7201.70534147  101.683601823 
7202.27402453  101.681050457 
7202.8427076  101.678502118 
7203.41139067  101.675956839 
7203.98007374  101.673414657 
7204.5487568  101.670875605 
7205.11743987  101.668339719 
7205.68612294  101.665807034 
7206.254806  101.663277585 
7206.82348907  101.660751406 
7207.39217214  101.658228533 
7207.96085521  101.655709001 
7208.52953827  101.653192844 
7209.09822134  101.650680098 
7209.66690441  101.648170797 
7210.23558747  101.645664976 
7210.80427054  101.643162671 
7211.37295361  101.640663916 
7211.94163667  101.638168746 
7212.51031974  101.635677196 
7213.07900281  101.633189301 
7213.64768588  101.630705096 
7214.21636894  101.628224617 
7214.78505201  101.625747896 
7215.35373508  101.623274971 
7215.92241814  101.620805876 
7216.49110121  101.618340645 
7217.05978428  101.615879314 
7217.62846735  101.613421917 
7218.19715041  101.61096849 
7218.76583348  101.608519067 
7219.33451655  101.606073684 
7219.90319961  101.603632375 
7220.47188268  101.601195176 
7221.04056575  101.59876212 
7221.60924881  101.596333244 
7222.17793188  101.593908582 
7222.74661495  101.591488168 
7223.31529802  101.589072039 
7223.88398108  101.586660229 
7224.45266415  101.584252773 
7225.02134722  101.581849705 
7225.59003028  101.579451061 
7226.15871335  101.577056876 
7226.72739642  101.574667184 
7227.29607949  101.572282022 
7227.86476255  101.569901422 
7228.43344562  101.567525421 
7229.00212869  101.565154053 
7229.57081175  101.562787354 
7230.13949482  101.560425358 
7230.70817789  101.5580681 
7231.27686095  101.555715615 
7231.84554402  101.553367939 
7232.41422709  101.551025105 
7232.98291016  101.54868715 
7233.55159322  101.546354107 
7234.12027629  101.544026012 
7234.68895936  101.5417029 
7235.25764242  101.539384806 
7235.82632549  101.537071764 
7236.39500856  101.53476381 
7236.96369163  101.532460979 
7237.53237469  101.530163305 
7238.10105776  101.527870823 
7238.66974083  101.525583569 
7239.23842389  101.523301578 
7239.80710696  101.521024883 
7240.37579003  101.518753521 
7240.9444731  101.516487526 
7241.51315616  101.514226932 
7242.08183923  101.511971776 
7242.6505223  101.509722092 
7243.21920536  101.507477915 
7243.78788843  101.50523928 
7244.3565715  101.503006221 
7244.92525456  101.500778774 
7245.49393763  101.498556974 
7246.0626207  101.496340856 
7246.63130377  101.494130454 
7247.19998683  101.491925803 
7247.7686699  101.489726939 
7248.33735297  101.487533897 
7248.90603603  101.48534671 
7249.4747191  101.483165415 
7250.04340217  101.480990046 
7250.61208524  101.478820639 
7251.1807683  101.476657227 
7251.74945137  101.474499846 
7252.31813444  101.472348532 
7252.8868175  101.470203318 
7253.45550057  101.46806424 
7254.02418364  101.465931333 
7254.5928667  101.463804631 
7255.16154977  101.461684171 
7255.73023284  101.459569986 
7256.29891591  101.457462111 
7256.86759897  101.455360582 
7257.43628204  101.453265433 
7258.00496511  101.4511767 
7258.57364817  101.449094417 
7259.14233124  101.447018619 
7259.71101431  101.444949342 
7260.27969738  101.442886619 
7260.84838044  101.440830487 
7261.41706351  101.43878098 
7261.98574658  101.436738133 
7262.55442964  101.43470198 
7263.12311271  101.432672558 
7263.69179578  101.4306499 
7264.26047884  101.428634042 
7264.82916191  101.426625018 
7265.39784498  101.424622864 
7265.96652805  101.422627615 
7266.53521111  101.420639305 
7267.10389418  101.41865797 
7267.67257725  101.416683644 
7268.24126031  101.414716362 
7268.80994338  101.41275616 
7269.37862645  101.410803072 
7269.94730952  101.408857133 
7270.51599258  101.406918377 
7271.08467565  101.404986841 
7271.65335872  101.403062559 
7272.22204178  101.401145566 
7272.79072485  101.399235897 
7273.35940792  101.397333586 
7273.92809098  101.395438669 
7274.49677405  101.393551181 
7275.06545712  101.391671157 
7275.63414019  101.389798631 
7276.20282325  101.387933638 
7276.77150632  101.386076214 
7277.34018939  101.384226393 
7277.90887245  101.382384211 
7278.47755552  101.380549701 
7279.04623859  101.3787229 
7279.61492166  101.376903843 
7280.18360472  101.375092563 
7280.75228779  101.373289096 
7281.32097086  101.371493477 
7281.88965392  101.369705741 
7282.45833699  101.367925923 
7283.02702006  101.366154057 
7283.59570312  101.36439018 
7284.16438619  101.362634325 
7284.73306926  101.360886527 
7285.30175233  101.359146822 
7285.87043539  101.357415245 
7286.43911846  101.35569183 
7287.00780153  101.353976612 
7287.57648459  101.352269627 
7288.14516766  101.350570909 
7288.71385073  101.348880493 
7289.2825338  101.347198414 
7289.85121686  101.345524707 
7290.41989993  101.343859408 
7290.988583  101.34220255 
7291.55726606  101.340554169 
7292.12594913  101.3389143 
7292.6946322  101.337282977 
7293.26331527  101.335660237 
7293.83199833  101.334046113 
7294.4006814  101.332440641 
7294.96936447  101.330843855 
7295.53804753  101.32925579 
7296.1067306  101.327676482 
7296.67541367  101.326105966 
7297.24409673  101.324544276 
7297.8127798  101.322991446 
7298.38146287  101.321447514 
7298.95014594  101.319912512 
7299.518829  101.318386476 
7300.08751207  101.316869441 
7300.65619514  101.315361443 
7301.2248782  101.313862515 
7301.79356127  101.312372693 
7302.36224434  101.310892011 
7302.93092741  101.309420506 
7303.49961047  101.307958211 
7304.06829354  101.306505161 
7304.63697661  101.305061392 
7305.20565967  101.303626939 
7305.77434274  101.302201836 
7306.34302581  101.300786119 
7306.91170887  101.299379821 
7307.48039194  101.297982979 
7308.04907501  101.296595627 
7308.61775808  101.2952178 
7309.18644114  101.293849534 
7309.75512421  101.292490862 
7310.32380728  101.29114182 
7310.89249034  101.289802443 
7311.46117341  101.288472766 
7312.02985648  101.287152823 
7312.59853955  101.285842651 
7313.16722261  101.284542283 
7313.73590568  101.283251754 
7314.30458875  101.2819711 
7314.87327181  101.280700356 
7315.44195488  101.279439556 
7316.01063795  101.278188735 
7316.57932101  101.276947928 
7317.14800408  101.275717171 
7317.71668715  101.274496498 
7318.28537022  101.273285944 
7318.85405328  101.272085544 
7319.42273635  101.270895333 
7319.99141942  101.269715346 
7320.56010248  101.268545618 
7321.12878555  101.267386184 
7321.69746862  101.266237078 
7322.26615169  101.265098337 
7322.83483475  101.263969993 
7323.40351782  101.262852084 
7323.97220089  101.261744643 
7324.54088395  101.260647705 
7325.10956702  101.259561306 
7325.67825009  101.25848548 
7326.24693315  101.257420262 
7326.81561622  101.256365688 
7327.38429929  101.255321791 
7327.95298236  101.254288608 
7328.52166542  101.253266173 
7329.09034849  101.252254521 
7329.65903156  101.251253687 
7330.22771462  101.250263705 
7330.79639769  101.249284612 
7331.36508076  101.248316441 
7331.93376383  101.247359228 
7332.50244689  101.246413008 
7333.07112996  101.245477815 
7333.63981303  101.244553684 
7334.20849609  101.243640651 
7334.77717916  101.242738751 
7335.34586223  101.241848018 
7335.91454529  101.240968487 
7336.48322836  101.240100193 
7337.05191143  101.239243171 
7337.6205945  101.238397457 
7338.18927756  101.237563084 
7338.75796063  101.236740089 
7339.3266437  101.235928506 
7339.89532676  101.235128369 
7340.46400983  101.234339714 
7341.0326929  101.233562576 
7341.60137597  101.23279699 
7342.17005903  101.23204299 
7342.7387421  101.231300611 
7343.30742517  101.23056989 
7343.87610823  101.229850859 
7344.4447913  101.229143556 
7345.01347437  101.228448013 
7345.58215743  101.227764267 
7346.1508405  101.227092352 
7346.71952357  101.226432303 
7347.28820664  101.225784155 
7347.8568897  101.225147943 
7348.42557277  101.224523702 
7348.99425584  101.223911467 
7349.5629389  101.223311273 
7350.13162197  101.222723155 
7350.70030504  101.222147148 
7351.26898811  101.221583286 
7351.83767117  101.221031605 
7352.40635424  101.220492139 
7352.97503731  101.219964924 
7353.54372037  101.219449994 
7354.11240344  101.218947385 
7354.68108651  101.218457131 
7355.24976958  101.217979267 
7355.81845264  101.217513828 
7356.38713571  101.21706085 
7356.95581878  101.216620367 
7357.52450184  101.216192414 
7358.09318491  101.215777025 
7358.66186798  101.215374237 
7359.23055104  101.214984083 
7359.79923411  101.2146066 
7360.36791718  101.214241821 
7360.93660025  101.213889781 
7361.50528331  101.213550517 
7362.07396638  101.213224061 
7362.64264945  101.212910451 
7363.21133251  101.21260972 
7363.78001558  101.212321903 
7364.34869865  101.212047035 
7364.91738172  101.211785152 
7365.48606478  101.211536288 
7366.05474785  101.211300478 
7366.62343092  101.211077757 
7367.19211398  101.21086816 
7367.76079705  101.210671723 
7368.32948012  101.210488479 
7368.89816318  101.210318464 
7369.46684625  101.210161712 
7370.03552932  101.21001826 
7370.60421239  101.209888141 
7371.17289545  101.209771391 
7371.74157852  101.209668044 
7372.31026159  101.209578136 
7372.87894465  101.209501701 
7373.44762772  101.209438774 
7374.01631079  101.209389391 
7374.58499386  101.209353587 
7375.15367692  101.209331395 
7375.72235999  101.209322851 
7376.29104306  101.209327991 
7376.85972612  101.209346849 
7377.42840919  101.209379459 
7377.99709226  101.209425858 
7378.56577532  101.209486079 
7379.13445839  101.209560158 
7379.70314146  101.20964813 
7380.27182453  101.209750029 
7380.84050759  101.209865891 
7381.40919066  101.209995751 
7381.97787373  101.210139643 
7382.54655679  101.210297602 
7383.11523986  101.210469664 
7383.68392293  101.210655864 
7384.252606  101.210856235 
7384.82128906  101.211070814 
7385.38997213  101.211299635 
7385.9586552  101.211542732 
7386.52733826  101.211800142 
7387.09602133  101.212071899 
7387.6647044  101.212358038 
7388.23338746  101.212658593 
7388.80207053  101.212973601 
7389.3707536  101.213303095 
7389.93943667  101.213647111 
7390.50811973  101.214005683 
7391.0768028  101.214378847 
7391.64548587  101.214766637 
7392.21416893  101.215169089 
7392.782852  101.215586237 
7393.35153507  101.216018117 
7393.92021814  101.216464762 
7394.4889012  101.216926209 
7395.05758427  101.217402492 
7395.62626734  101.217893646 
7396.1949504  101.218399706 
7396.76363347  101.218920708 
7397.33231654  101.219456685 
7397.9009996  101.220007672 
7398.46968267  101.220573706 
7399.03836574  101.22115482 
7399.60704881  101.22175105 
7400.17573187  101.222362431 
7400.74441494  101.222988997 
7401.31309801  101.223630784 
7401.88178107  101.224287826 
7402.45046414  101.224960158 
7403.01914721  101.225647816 
7403.58783028  101.226350834 
7404.15651334  101.227069247 
7404.72519641  101.22780309 
7405.29387948  101.228552399 
7405.86256254  101.229317207 
7406.43124561  101.23009755 
7406.99992868  101.230893464 
7407.56861174  101.231704982 
7408.13729481  101.232532139 
7408.70597788  101.233374972 
7409.27466095  101.234233514 
7409.84334401  101.235107801 
7410.41202708  101.235997867 
7410.98071015  101.236903748 
7411.54939321  101.237825478 
7412.11807628  101.238763093 
7412.68675935  101.239716626 
7413.25544242  101.240686114 
7413.82412548  101.241671592 
7414.39280855  101.242673093 
7414.96149162  101.243690653 
7415.53017468  101.244724308 
7416.09885775  101.245774091 
7416.66754082  101.246840038 
7417.23622389  101.247922184 
7417.80490695  101.249020564 
7418.37359002  101.250135213 
7418.94227309  101.251266165 
7419.51095615  101.252413455 
7420.07963922  101.25357712 
7420.64832229  101.254757192 
7421.21700535  101.255953708 
7421.78568842  101.257166703 
7422.35437149  101.25839621 
7422.92305456  101.259642266 
7423.49173762  101.260904905 
7424.06042069  101.262184163 
7424.62910376  101.263480073 
7425.19778682  101.264792671 
7425.76646989  101.266121992 
7426.33515296  101.267468071 
7426.90383603  101.268830943 
7427.47251909  101.270210642 
7428.04120216  101.271607205 
7428.60988523  101.273020665 
7429.17856829  101.274451057 
7429.74725136  101.275898417 
7430.31593443  101.277362779 
7430.88461749  101.278844179 
7431.45330056  101.280342651 
7432.02198363  101.281858231 
7432.5906667  101.283390952 
7433.15934976  101.284940851 
7433.72803283  101.286507962 
7434.2967159  101.288092319 
7434.86539896  101.289693959 
7435.43408203  101.291312916 
